// W. C. Jagy, I. Kaplansky and A. Schiemann, There are 913 regular ternary forms, Mathematika 44 (1997), 332-341,
// transcribed from Tables 1 (rows 1-665, even forms) and 2 (rows 666-913, odd forms) of A. G. Doyle, B. Muskat,
// K. Pehlivan and K. S. Williams, Integers 19 (2019), #A45, https://math.colgate.edu/~integers/t45/t45.pdf.
// The extracted text loses minus signs; the printed discriminant fixes the sign of def, which determines the class.
// Columns: row a b c d e f proof, for the form ax^2 + by^2 + cz^2 + dyz + ezx + fxy.
// proof: JKS97 (regular by JKS97), Oh11 (regular by Oh, Acta Arith. 147 (2011), 233-243),
// LO14 (regular under the generalized Riemann hypothesis by Lemke Oliver, Bull. London Math. Soc. 46 (2014), 1237-1247, Theorem 1.1).
1 1 1 1 0 0 0 JKS97
2 1 1 2 0 0 0 JKS97
3 1 1 3 0 0 0 JKS97
4 1 2 2 2 0 0 JKS97
5 1 1 4 0 0 0 JKS97
6 1 2 2 0 0 0 JKS97
7 1 1 5 0 0 0 JKS97
8 1 2 3 2 0 0 JKS97
9 1 1 6 0 0 0 JKS97
10 1 2 3 0 0 0 JKS97
11 2 2 3 2 2 2 JKS97
12 1 1 8 0 0 0 JKS97
13 1 2 4 0 0 0 JKS97
14 1 3 3 2 0 0 JKS97
15 2 2 3 2 2 0 JKS97
16 1 1 9 0 0 0 JKS97
17 1 2 5 2 0 0 JKS97
18 1 3 3 0 0 0 JKS97
19 2 2 3 0 0 2 JKS97
20 1 2 5 0 0 0 JKS97
21 1 2 6 2 0 0 JKS97
22 1 1 12 0 0 0 JKS97
23 1 2 6 0 0 0 JKS97
24 1 3 4 0 0 0 JKS97
25 1 4 4 4 0 0 JKS97
26 2 2 3 0 0 0 JKS97
27 2 3 3 2 2 2 JKS97
28 1 3 5 2 0 0 JKS97
29 2 2 5 0 0 2 JKS97
30 2 3 3 0 0 2 JKS97
31 1 1 16 0 0 0 JKS97
32 1 2 8 0 0 0 JKS97
33 1 4 4 0 0 0 JKS97
34 1 4 5 4 0 0 JKS97
35 2 3 3 2 0 0 JKS97
36 3 3 3 -2 2 2 JKS97
37 1 3 6 0 0 0 JKS97
38 2 3 3 0 0 0 JKS97
39 1 2 10 0 0 0 JKS97
40 1 3 7 2 0 0 JKS97
41 2 3 4 0 0 2 JKS97
42 3 3 3 2 2 2 JKS97
43 1 1 21 0 0 0 JKS97
44 2 3 5 2 0 2 JKS97
45 1 1 24 0 0 0 JKS97
46 1 4 6 0 0 0 JKS97
47 1 4 7 4 0 0 JKS97
48 1 5 5 2 0 0 JKS97
49 2 2 7 2 2 0 JKS97
50 3 3 3 0 0 2 JKS97
51 1 2 13 2 0 0 JKS97
52 1 5 5 0 0 0 JKS97
53 2 3 5 0 0 2 JKS97
54 1 3 9 0 0 0 JKS97
55 1 6 6 6 0 0 JKS97
56 2 2 9 0 0 2 JKS97
57 2 3 5 0 2 0 JKS97
58 1 4 8 4 0 0 JKS97
59 2 3 5 2 0 0 JKS97
60 2 3 6 2 0 2 JKS97
61 1 3 10 0 0 0 JKS97
62 1 2 16 0 0 0 JKS97
63 1 4 8 0 0 0 JKS97
64 1 6 6 4 0 0 JKS97
65 2 3 7 2 2 2 JKS97
66 2 4 5 4 0 0 JKS97
67 3 3 4 0 0 2 JKS97
68 3 3 5 -2 2 2 JKS97
69 1 2 18 2 0 0 JKS97
70 1 3 12 0 0 0 JKS97
71 1 6 6 0 0 0 JKS97
72 2 3 6 0 0 0 JKS97
73 2 5 5 4 2 2 JKS97
74 3 3 4 0 0 0 JKS97
75 3 4 4 4 0 0 JKS97
76 2 3 7 0 2 0 JKS97
77 1 5 8 0 0 0 JKS97
78 3 3 6 -2 2 2 JKS97
79 1 6 9 6 0 0 JKS97
80 2 2 15 0 0 2 JKS97
81 1 4 12 0 0 0 JKS97
82 1 4 13 4 0 0 JKS97
83 1 8 8 8 0 0 JKS97
84 2 3 10 2 0 2 JKS97
85 2 3 8 0 0 0 JKS97
86 2 5 5 2 0 0 JKS97
87 3 3 6 2 2 0 JKS97
88 3 3 7 -2 2 2 JKS97
89 3 4 4 0 0 0 JKS97
90 4 4 5 4 4 0 JKS97
91 3 5 5 -4 2 2 JKS97
92 1 5 10 0 0 0 JKS97
93 3 3 7 2 2 2 JKS97
94 1 3 18 0 0 0 JKS97
95 1 6 9 0 0 0 JKS97
96 2 3 9 0 0 0 JKS97
97 2 5 6 0 0 2 JKS97
98 1 5 12 4 0 0 JKS97
99 3 4 6 4 2 0 JKS97
100 1 4 16 4 0 0 JKS97
101 2 5 6 0 0 0 JKS97
102 2 6 7 6 2 0 JKS97
103 2 5 7 2 2 0 JKS97
104 3 3 7 0 0 0 JKS97
105 1 2 32 0 0 0 JKS97
106 1 4 16 0 0 0 JKS97
107 1 5 13 2 0 0 JKS97
108 1 8 8 0 0 0 JKS97
109 2 3 11 2 0 0 JKS97
110 3 3 8 0 0 2 JKS97
111 3 5 5 2 2 2 JKS97
112 4 5 5 2 4 4 JKS97
113 1 9 9 6 0 0 JKS97
114 2 3 12 0 0 0 JKS97
115 3 3 8 0 0 0 JKS97
116 3 4 7 4 0 0 JKS97
117 3 5 5 2 0 0 JKS97
118 5 5 5 -2 4 4 JKS97
119 1 10 10 10 0 0 JKS97
120 2 3 15 0 0 2 JKS97
121 1 8 12 8 0 0 JKS97
122 3 3 11 -2 2 2 JKS97
123 3 4 7 0 2 0 JKS97
124 3 6 6 -4 2 2 JKS97
125 4 4 7 4 4 0 JKS97
126 1 9 9 0 0 0 JKS97
127 2 3 14 0 2 0 JKS97
128 2 5 9 0 0 2 JKS97
129 3 3 11 2 2 2 JKS97
130 1 3 30 0 0 0 JKS97
131 1 10 10 4 0 0 JKS97
132 1 4 24 0 0 0 JKS97
133 1 6 16 0 0 0 JKS97
134 2 7 8 4 0 2 JKS97
135 4 4 7 0 4 0 JKS97
136 4 5 6 0 0 4 JKS97
137 4 5 7 2 4 4 JKS97
138 3 5 7 0 0 2 JKS97
139 2 3 20 0 0 2 JKS97
140 2 5 10 0 0 0 JKS97
141 3 5 7 0 2 0 JKS97
142 3 7 7 -6 2 2 JKS97
143 1 12 12 12 0 0 JKS97
144 1 3 36 0 0 0 JKS97
145 1 4 28 4 0 0 JKS97
146 1 6 18 0 0 0 JKS97
147 1 9 12 0 0 0 JKS97
148 2 3 18 0 0 0 JKS97
149 2 5 12 0 0 2 JKS97
150 2 6 11 6 2 0 JKS97
151 2 6 9 0 0 0 JKS97
152 3 4 10 4 0 0 JKS97
153 3 5 8 4 0 0 JKS97
154 4 6 7 6 4 0 JKS97
155 5 5 5 -2 2 2 JKS97
156 3 6 7 2 2 2 JKS97
157 3 7 7 6 2 2 JKS97
158 5 5 5 2 2 2 JKS97
159 1 6 21 6 0 0 JKS97
160 1 12 13 12 0 0 JKS97
161 3 4 11 4 0 0 JKS97
162 2 6 11 0 0 2 JKS97
163 1 5 25 0 0 0 JKS97
164 2 5 13 0 2 0 JKS97
165 1 8 16 0 0 0 JKS97
166 3 3 16 0 0 2 JKS97
167 3 4 11 0 2 0 JKS97
168 3 5 10 4 0 2 JKS97
169 3 7 7 -2 2 2 JKS97
170 4 5 8 0 0 4 JKS97
171 4 7 7 6 4 4 JKS97
172 4 7 7 6 0 4 JKS97
173 2 3 23 0 2 0 JKS97
174 3 7 7 4 0 0 JKS97
175 6 6 7 6 6 6 JKS97
176 1 4 36 0 0 0 JKS97
177 1 12 12 0 0 0 JKS97
178 1 6 24 0 0 0 JKS97
179 2 5 17 4 2 2 JKS97
180 3 3 19 -2 2 2 JKS97
181 3 4 12 0 0 0 JKS97
182 3 7 7 2 0 0 JKS97
183 3 8 8 8 0 0 JKS97
184 4 4 11 4 4 0 JKS97
185 4 6 7 0 4 0 JKS97
186 4 7 7 2 4 4 JKS97
187 5 5 8 -4 4 2 JKS97
188 5 5 8 4 4 4 JKS97
189 3 7 7 0 0 0 JKS97
190 2 5 15 0 0 0 JKS97
191 3 6 11 6 2 2 JKS97
192 5 6 6 2 0 0 JKS97
193 1 8 24 8 0 0 JKS97
194 2 6 15 0 0 0 JKS97
195 2 6 17 6 2 0 JKS97
196 3 8 8 4 0 0 JKS97
197 4 7 8 4 4 0 JKS97
198 1 9 21 0 0 0 JKS97
199 2 5 21 0 0 2 JKS97
200 1 8 24 0 0 0 JKS97
201 1 16 16 16 0 0 JKS97
202 2 5 20 4 0 0 JKS97
203 3 3 24 0 0 2 JKS97
204 3 7 11 6 2 2 JKS97
205 3 8 8 0 0 0 JKS97
206 4 5 13 2 4 4 JKS97
207 4 7 8 0 0 4 JKS97
208 5 5 8 0 0 2 JKS97
209 5 7 7 6 2 2 JKS97
210 7 7 7 -2 6 6 JKS97
211 3 5 14 0 0 2 JKS97
212 4 7 8 0 4 0 JKS97
213 5 5 10 -2 2 4 JKS97
214 1 5 40 0 0 0 JKS97
215 4 6 11 2 4 4 JKS97
216 1 12 21 12 0 0 JKS97
217 1 9 24 0 0 0 JKS97
218 2 11 11 4 2 2 JKS97
219 2 5 24 0 0 2 JKS97
220 3 4 19 4 0 0 JKS97
221 3 8 11 8 0 0 JKS97
222 4 7 10 2 4 4 JKS97
223 5 5 9 0 0 2 JKS97
224 5 6 8 0 4 0 JKS97
225 5 8 8 8 2 4 JKS97
226 3 6 14 4 2 2 LO14
227 3 10 10 10 0 0 JKS97
228 5 6 9 6 0 0 JKS97
229 2 7 19 2 2 2 JKS97
230 5 5 12 -4 4 2 JKS97
231 5 8 8 8 0 0 JKS97
232 6 7 8 4 0 6 JKS97
233 7 7 8 -4 4 6 JKS97
234 2 9 14 0 2 0 JKS97
235 6 6 7 0 0 2 JKS97
236 5 8 8 4 4 4 JKS97
237 1 16 16 0 0 0 JKS97
238 1 8 32 0 0 0 JKS97
239 3 3 32 0 0 2 JKS97
240 3 11 11 -10 2 2 JKS97
241 3 8 11 0 2 0 JKS97
242 4 5 16 0 0 4 JKS97
243 5 5 12 4 4 2 JKS97
244 3 9 11 6 0 0 JKS97
245 2 12 15 12 0 0 JKS97
246 2 3 48 0 0 0 JKS97
247 3 8 12 0 0 0 JKS97
248 3 8 14 8 0 0 JKS97
249 5 5 12 0 0 2 JKS97
250 5 5 14 -4 4 2 JKS97
251 5 5 14 2 2 4 JKS97
252 1 10 30 0 0 0 JKS97
253 4 10 11 10 4 0 JKS97
254 5 8 8 4 0 0 JKS97
255 1 8 40 0 0 0 JKS97
256 3 11 11 6 2 2 JKS97
257 4 8 13 8 4 0 JKS97
258 7 7 7 -2 2 2 JKS97
259 3 4 28 4 0 0 JKS97
260 4 7 15 6 0 4 JKS97
261 4 4 23 4 4 0 JKS97
262 2 11 18 8 2 2 JKS97
263 3 5 26 -4 2 2 JKS97
264 3 7 18 6 0 0 JKS97
265 1 12 33 12 0 0 JKS97
266 3 4 31 4 0 0 JKS97
267 5 8 12 8 4 0 JKS97
268 2 5 38 0 2 0 JKS97
269 5 6 14 6 0 0 JKS97
270 6 6 11 2 2 2 JKS97
271 1 16 24 0 0 0 JKS97
272 4 11 11 6 4 4 JKS97
273 4 5 24 0 0 4 JKS97
274 4 7 15 6 0 0 JKS97
275 4 7 16 0 0 4 JKS97
276 5 7 13 -6 2 2 JKS97
277 7 8 8 0 4 4 JKS97
278 3 7 19 0 2 0 JKS97
279 5 10 10 -8 2 2 JKS97
280 5 5 17 -2 2 2 JKS97
281 3 3 51 -2 2 2 JKS97
282 3 7 20 0 0 2 JKS97
283 3 7 22 -6 2 2 JKS97
284 4 11 11 2 4 4 JKS97
285 5 8 12 8 0 0 JKS97
286 7 7 12 -4 4 6 JKS97
287 2 14 17 10 2 2 JKS97
288 1 12 36 0 0 0 JKS97
289 1 24 24 24 0 0 JKS97
290 2 11 23 10 2 2 JKS97
291 3 10 16 8 0 0 JKS97
292 3 4 36 0 0 0 JKS97
293 3 8 20 8 0 0 JKS97
294 4 12 13 12 4 0 JKS97
295 4 7 19 2 4 4 JKS97
296 5 5 20 -4 4 2 JKS97
297 5 8 12 0 0 4 JKS97
298 5 8 14 8 2 4 JKS97
299 6 7 15 6 6 6 JKS97
300 6 8 11 4 6 0 JKS97
301 7 7 10 -2 2 4 JKS97
302 7 7 10 4 4 2 JKS97
303 8 8 11 4 8 8 JKS97
304 8 8 9 0 0 8 JKS97
305 1 21 21 0 0 0 JKS97
306 5 10 10 6 2 2 JKS97
307 5 8 12 0 4 0 JKS97
308 3 8 19 0 2 0 JKS97
309 4 5 29 2 4 4 JKS97
310 7 7 12 4 4 6 JKS97
311 5 6 15 0 0 0 JKS97
312 3 7 27 -6 2 2 JKS97
313 4 11 15 10 0 4 JKS97
314 2 7 39 0 0 2 JKS97
315 1 8 64 0 0 0 JKS97
316 3 11 16 0 0 2 JKS97
317 3 11 19 -10 2 2 JKS97
318 4 7 23 6 4 4 JKS97
319 5 12 12 -8 4 4 JKS97
320 5 8 13 0 2 0 JKS97
321 7 7 12 -4 4 2 JKS97
322 7 7 15 -2 6 6 JKS97
323 5 10 14 10 2 4 JKS97
324 5 8 17 8 2 4 JKS97
325 6 7 13 2 0 0 JKS97
326 6 7 18 6 0 6 JKS97
327 1 8 72 8 0 0 JKS97
328 7 7 13 -2 2 4 JKS97
329 3 8 24 0 0 0 JKS97
330 1 24 24 0 0 0 JKS97
331 3 16 16 16 0 0 JKS97
332 4 13 13 2 4 4 JKS97
333 4 7 24 0 0 4 JKS97
334 5 5 24 0 0 2 JKS97
335 5 8 17 -4 2 4 JKS97
336 6 7 15 6 0 0 JKS97
337 7 10 10 -4 4 4 JKS97
338 7 7 15 -6 6 2 JKS97
339 8 9 9 6 0 0 JKS97
340 5 12 12 -4 4 4 JKS97
341 5 8 17 8 0 0 JKS97
342 7 7 15 0 0 6 JKS97
343 5 5 28 -4 4 2 JKS97
344 2 15 23 0 2 0 JKS97
345 7 7 15 0 0 4 JKS97
346 9 11 11 -8 6 6 JKS97
347 7 8 15 8 2 4 JKS97
348 2 17 24 12 0 2 JKS97
349 4 7 31 2 4 4 JKS97
350 6 8 17 4 6 0 JKS97
351 8 8 15 0 0 8 JKS97
352 8 8 17 4 8 8 JKS97
353 4 15 16 12 4 0 JKS97
354 8 11 11 2 4 8 JKS97
355 1 16 48 0 0 0 JKS97
356 3 11 27 -10 2 2 JKS97
357 5 13 13 -6 2 2 JKS97
358 5 8 20 0 4 0 JKS97
359 7 12 12 -8 4 4 JKS97
360 7 7 16 0 0 2 JKS97
361 7 7 20 4 4 6 JKS97
362 3 19 19 -18 2 2 JKS97
363 5 10 17 6 2 2 JKS97
364 5 12 17 12 2 4 JKS97
365 6 11 14 -6 4 2 JKS97
366 7 12 12 8 4 4 JKS97
367 5 14 14 4 4 4 JKS97
368 5 6 29 0 2 0 JKS97
369 5 8 24 0 0 4 JKS97
370 6 9 17 6 0 0 JKS97
371 7 10 15 -6 6 2 JKS97
372 8 11 11 -2 4 4 JKS97
373 9 11 11 -2 6 6 JKS97
374 10 12 13 12 10 0 JKS97
375 3 10 30 0 0 0 JKS97
376 4 15 16 0 4 0 JKS97
377 7 7 23 -2 2 6 JKS97
378 5 8 24 0 0 0 JKS97
379 4 5 61 2 4 4 JKS97
380 7 7 24 0 0 6 JKS97
381 7 8 19 4 2 4 JKS97
382 8 11 11 2 0 0 JKS97
383 5 8 29 8 2 4 JKS97
384 7 8 20 0 4 4 Oh11
385 12 12 13 12 12 0 JKS97
386 5 8 28 8 4 0 JKS97
387 3 11 32 0 0 2 JKS97
388 5 12 20 8 4 4 JKS97
389 5 13 20 -12 4 2 JKS97
390 5 10 21 0 0 2 JKS97
391 3 11 35 10 0 0 JKS97
392 9 12 14 12 6 0 JKS97
393 2 15 38 0 2 0 JKS97
394 6 14 15 0 0 6 JKS97
395 7 13 13 -4 2 2 JKS97
396 3 8 48 0 0 0 JKS97
397 5 12 20 0 4 0 JKS97
398 5 14 20 -8 4 4 JKS97
399 5 17 17 -14 2 2 JKS97
400 5 5 48 0 0 2 JKS97
401 8 12 15 12 0 0 JKS97
402 8 12 17 12 8 0 JKS97
403 8 11 15 6 0 4 JKS97
404 1 40 40 40 0 0 JKS97
405 10 11 16 8 0 10 JKS97
406 11 11 14 -6 6 8 JKS97
407 4 11 31 2 4 4 JKS97
408 8 12 17 4 8 8 JKS97
409 7 13 18 -12 6 2 JKS97
410 2 18 35 0 0 2 JKS97
411 7 12 16 0 0 4 JKS97
412 4 13 29 10 4 4 JKS97
413 7 15 15 -2 6 6 JKS97
414 5 8 36 0 0 4 JKS97
415 3 8 56 8 0 0 JKS97
416 4 19 19 2 4 4 JKS97
417 8 11 20 4 8 8 JKS97
418 3 14 35 14 0 0 JKS97
419 3 7 63 0 0 0 JKS97
420 12 12 15 12 12 8 JKS97
421 7 13 15 0 0 2 JKS97
422 8 13 17 2 4 8 JKS97
423 8 13 17 2 8 4 JKS97
424 6 13 21 0 6 0 JKS97
425 11 11 16 -8 8 2 JKS97
426 11 11 16 8 8 6 JKS97
427 4 11 40 8 0 4 JKS97
428 5 13 24 0 0 2 JKS97
429 5 13 28 -12 4 2 JKS97
430 7 15 16 0 0 6 JKS97
431 7 15 20 -12 4 6 JKS97
432 3 27 27 -26 2 2 JKS97
433 5 8 40 0 0 0 JKS97
434 7 12 23 12 2 4 JKS97
435 8 17 17 14 8 8 JKS97
436 8 11 23 2 4 8 JKS97
437 1 24 72 0 0 0 JKS97
438 1 48 48 48 0 0 JKS97
439 5 5 72 0 0 2 JKS97
440 8 9 24 0 0 0 JKS97
441 1 16 112 16 0 0 JKS97
442 4 13 37 2 4 4 JKS97
443 12 13 16 8 0 12 JKS97
444 3 16 40 16 0 0 JKS97
445 3 8 72 0 0 0 JKS97
446 4 19 24 0 0 4 JKS97
447 4 7 72 0 0 4 JKS97
448 5 20 20 -8 4 4 JKS97
449 7 10 28 8 4 4 JKS97
450 7 13 21 6 6 2 JKS97
451 7 15 19 -6 2 6 JKS97
452 7 7 39 -6 6 2 JKS97
453 8 11 23 10 4 4 JKS97
454 8 11 24 0 0 8 JKS97
455 8 12 23 12 8 0 JKS97
456 8 15 15 6 0 0 JKS97
457 9 17 17 -14 6 6 JKS97
458 8 11 23 2 8 4 JKS97
459 7 12 23 -4 2 4 JKS97
460 11 11 15 0 0 2 JKS97
461 5 21 21 18 0 0 JKS97
462 4 7 79 2 4 4 JKS97
463 8 11 24 0 8 0 JKS97
464 4 20 31 20 4 0 JKS97
465 7 7 52 -4 4 6 JKS97
466 10 13 22 8 10 10 JKS97
467 7 12 28 -8 4 4 JKS97
468 7 15 23 10 2 6 JKS97
469 7 15 23 -6 2 6 Oh11
470 11 11 19 2 2 6 JKS97
471 12 13 21 6 12 12 JKS97
472 13 13 13 2 2 2 JKS97
473 5 5 92 -4 4 2 JKS97
474 7 18 19 6 2 6 JKS97
475 7 19 19 14 2 2 JKS97
476 3 16 48 0 0 0 JKS97
477 11 16 16 0 8 8 JKS97
478 13 13 16 8 8 2 JKS97
479 4 13 48 0 0 4 JKS97
480 5 20 29 20 2 4 JKS97
481 7 15 24 0 0 6 JKS97
482 7 15 28 -12 4 6 JKS97
483 9 17 17 2 6 6 JKS97
484 12 17 17 6 12 12 JKS97
485 11 11 26 -2 2 8 JKS97
486 12 13 25 10 0 12 JKS97
487 9 11 30 0 0 6 JKS97
488 5 24 24 8 0 0 JKS97
489 11 16 19 8 2 8 Oh11
490 8 15 24 0 0 0 JKS97
491 12 15 23 6 12 12 JKS97
492 7 16 31 16 6 0 JKS97
493 8 17 24 0 0 8 JKS97
494 8 17 24 12 0 4 JKS97
495 8 21 21 18 0 0 JKS97
496 4 31 31 26 4 4 JKS97
497 8 20 23 4 8 8 JKS97
498 7 20 23 -4 2 4 JKS97
499 7 23 23 -18 2 2 JKS97
500 7 15 30 6 0 0 JKS97
501 3 19 56 0 0 2 JKS97
502 11 11 32 -8 8 6 JKS97
503 12 17 20 4 8 12 JKS97
504 5 12 56 0 0 4 JKS97
505 10 19 21 6 0 10 JKS97
506 11 14 26 14 2 4 JKS97
507 6 19 34 8 6 6 JKS97
508 7 13 42 -12 6 2 JKS97
509 11 11 32 -8 8 2 JKS97
510 11 15 23 -6 2 6 JKS97
511 15 15 20 12 12 6 JKS97
512 5 24 29 0 2 0 JKS97
513 8 11 44 8 8 4 JKS97
514 9 17 24 0 0 6 JKS97
515 10 13 37 8 10 10 JKS97
516 11 11 35 -10 10 2 JKS97
517 12 13 33 6 12 12 JKS97
518 13 13 22 -2 2 4 JKS97
519 3 40 40 40 0 0 JKS97
520 11 19 19 6 2 2 JKS97
521 7 23 31 -22 6 2 JKS97
522 8 9 56 0 8 0 JKS97
523 7 24 24 8 0 0 JKS97
524 10 13 34 2 10 4 JKS97
525 5 29 29 10 2 2 JKS97
526 7 19 39 -18 6 2 JKS97
527 11 11 39 6 6 2 JKS97
528 7 18 39 0 0 6 JKS97
529 12 17 32 16 0 12 JKS97
530 15 20 20 8 12 12 JKS97
531 17 17 20 -4 4 14 JKS97
532 5 20 48 0 0 4 JKS97
533 5 20 53 20 2 4 JKS97
534 8 15 39 6 0 0 JKS97
535 8 17 41 10 8 8 JKS97
536 1 40 120 0 0 0 JKS97
537 11 16 31 8 2 8 JKS97
538 17 17 25 -10 10 14 JKS97
539 4 11 120 0 0 4 JKS97
540 4 31 40 0 0 4 JKS97
541 13 16 29 8 10 8 JKS97
542 3 16 112 16 0 0 JKS97
543 7 15 55 -6 2 6 JKS97
544 16 19 27 18 0 16 JKS97
545 13 13 33 -6 6 2 JKS97
546 5 17 68 -16 4 2 JKS97
547 16 16 23 8 8 0 JKS97
548 13 22 22 -16 2 2 JKS97
549 7 15 52 0 4 0 JKS97
550 5 12 101 12 2 4 JKS97
551 8 21 37 14 8 0 JKS97
552 12 21 28 12 0 12 JKS97
553 21 21 21 2 18 18 JKS97
554 5 24 56 24 0 0 JKS97
555 5 8 152 8 0 0 JKS97
556 9 11 71 -8 6 6 JKS97
557 11 16 43 -8 10 8 JKS97
558 11 19 32 -8 8 2 JKS97
559 5 20 68 -8 4 4 Oh11
560 17 20 20 -8 4 4 JKS97
561 3 27 80 0 0 2 JKS97
562 11 16 44 16 4 8 JKS97
563 17 17 32 16 16 14 JKS97
564 8 23 39 6 0 8 JKS97
565 1 48 144 0 0 0 JKS97
566 9 17 48 0 0 6 JKS97
567 5 20 77 20 2 4 JKS97
568 11 27 32 -24 8 6 JKS97
569 12 23 32 16 0 12 JKS97
570 13 16 37 8 2 8 JKS97
571 13 21 28 12 4 6 JKS97
572 15 23 23 14 6 6 JKS97
573 16 19 28 4 16 8 JKS97
574 7 15 76 -12 4 6 JKS97
575 7 28 39 -12 6 4 JKS97
576 19 19 27 -6 6 18 JKS97
577 4 43 43 2 4 4 JKS97
578 11 16 51 8 2 8 Oh11
579 15 16 39 16 10 0 JKS97
580 7 12 103 12 2 4 JKS97
581 7 27 52 -24 4 6 JKS97
582 8 28 41 4 8 8 JKS97
583 11 19 51 -14 6 10 JKS97
584 13 24 28 0 4 0 JKS97
585 19 19 28 4 4 14 JKS97
586 5 29 68 -28 4 2 JKS97
587 7 24 52 0 4 0 JKS97
588 13 28 28 -16 4 4 JKS97
589 13 16 52 16 4 8 JKS97
590 13 21 37 6 10 6 JKS97
591 17 20 33 20 2 4 JKS97
592 11 26 39 6 6 2 JKS97
593 11 35 39 -30 6 10 JKS97
594 25 25 28 -20 20 10 JKS97
595 8 17 92 4 8 8 JKS97
596 9 41 41 -38 6 6 JKS97
597 11 19 59 -18 10 2 JKS97
598 17 32 32 32 8 16 JKS97
599 21 29 29 26 18 18 JKS97
600 15 16 55 16 6 0 JKS97
601 15 23 44 -20 12 6 JKS97
602 17 20 41 -12 10 4 JKS97
603 13 21 52 12 8 6 JKS97
604 11 32 44 -16 4 8 JKS97
605 11 35 44 28 4 10 JKS97
606 15 20 56 16 0 12 JKS97
607 15 23 44 -4 12 6 JKS97
608 3 40 120 0 0 0 JKS97
609 7 23 92 12 4 2 Oh11
610 12 13 120 0 0 12 JKS97
611 12 33 40 0 0 12 JKS97
612 13 33 37 -18 2 6 JKS97
613 16 19 64 8 16 16 JKS97
614 27 28 28 -24 12 12 JKS97
615 9 17 113 -14 6 6 JKS97
616 13 37 37 -22 2 2 JKS97
617 20 31 31 -22 4 4 JKS97
618 15 24 56 24 0 0 JKS97
619 7 52 52 -16 4 4 JKS97
620 8 15 152 0 8 0 JKS97
621 17 20 57 12 6 4 JKS97
622 17 32 41 16 10 16 JKS97
623 11 32 59 8 10 8 JKS97
624 11 16 124 16 4 8 JKS97
625 16 31 44 4 16 8 JKS97
626 13 28 61 28 2 4 JKS97
627 8 35 72 0 8 0 JKS97
628 16 19 76 4 16 8 JKS97
629 12 17 129 6 12 12 JKS97
630 12 28 73 28 12 0 JKS97
631 17 32 52 32 4 8 JKS97
632 13 32 68 32 4 8 JKS97
633 19 19 84 -12 12 14 JKS97
634 17 32 57 -16 6 16 JKS97
635 23 32 44 32 4 8 JKS97
636 23 32 47 16 22 16 JKS97
637 11 32 92 32 4 8 JKS97
638 16 31 71 22 8 8 JKS97
639 27 40 43 40 18 0 JKS97
640 19 28 67 -4 10 4 JKS97
641 17 41 68 -36 12 10 JKS97
642 9 41 120 0 0 6 JKS97
643 11 35 120 0 0 10 JKS97
644 25 48 52 48 20 0 JKS97
645 36 39 44 12 24 36 JKS97
646 16 31 103 -10 8 8 JKS97
647 28 37 60 12 0 28 JKS97
648 13 28 157 28 2 4 JKS97
649 21 29 101 -26 18 6 JKS97
650 21 40 76 40 12 0 JKS97
651 24 45 61 30 24 0 JKS97
652 13 37 132 -36 12 2 JKS97
653 33 48 52 48 12 24 JKS97
654 19 27 136 -24 16 6 JKS97
655 19 28 139 28 2 4 JKS97
656 39 44 44 8 12 12 JKS97
657 28 57 57 -42 12 12 JKS97
658 17 20 257 20 2 4 JKS97
659 33 52 52 -8 12 12 JKS97
660 9 41 281 -38 6 6 JKS97
661 16 43 172 4 16 8 JKS97
662 27 28 187 28 6 12 JKS97
663 39 44 111 -36 6 12 JKS97
664 52 57 84 -12 24 36 JKS97
665 48 73 112 56 0 24 JKS97
666 1 1 1 1 1 1 JKS97
667 1 1 1 0 0 1 JKS97
668 1 1 2 1 1 1 JKS97
669 1 1 2 0 0 1 JKS97
670 1 1 2 1 1 0 JKS97
671 1 1 2 0 1 0 JKS97
672 1 1 3 1 1 1 JKS97
673 1 1 3 0 0 1 JKS97
674 1 1 3 1 1 0 JKS97
675 1 2 2 2 1 1 JKS97
676 1 1 3 0 1 0 JKS97
677 1 1 4 0 0 1 JKS97
678 1 2 2 1 1 1 JKS97
679 1 2 2 1 0 1 JKS97
680 1 1 5 1 1 1 JKS97
681 1 2 2 1 0 0 JKS97
682 1 1 4 0 1 0 JKS97
683 1 2 3 2 1 1 JKS97
684 1 1 5 1 1 0 JKS97
685 1 1 6 0 0 1 JKS97
686 1 2 3 2 1 0 JKS97
687 2 2 2 1 2 2 JKS97
688 1 1 7 1 1 1 JKS97
689 1 2 3 1 0 1 JKS97
690 1 2 3 0 0 1 JKS97
691 1 2 3 1 1 0 JKS97
692 1 2 3 0 1 0 JKS97
693 1 3 3 3 1 1 JKS97
694 1 2 4 2 1 1 JKS97
695 2 2 2 -1 1 1 JKS97
696 1 1 7 0 1 0 JKS97
697 1 1 9 0 0 1 JKS97
698 1 2 4 1 0 1 JKS97
699 1 3 3 3 0 0 JKS97
700 2 2 2 1 1 1 JKS97
701 1 3 3 2 1 1 JKS97
702 1 1 10 0 0 1 JKS97
703 1 3 3 1 1 1 JKS97
704 1 3 3 1 0 1 JKS97
705 1 2 5 1 1 1 JKS97
706 1 1 12 0 0 1 JKS97
707 1 3 4 3 1 0 JKS97
708 1 3 4 2 0 1 JKS97
709 1 1 11 1 1 0 JKS97
710 1 3 4 0 0 1 JKS97
711 1 3 4 0 1 0 JKS97
712 1 2 7 2 1 1 JKS97
713 2 2 3 0 0 1 JKS97
714 1 3 5 3 1 1 JKS97
715 1 3 5 3 1 0 JKS97
716 1 2 7 0 0 1 JKS97
717 1 2 7 2 1 0 JKS97
718 1 4 4 3 1 1 JKS97
719 2 3 3 1 2 2 JKS97
720 1 3 5 1 1 1 JKS97
721 1 1 18 0 0 1 JKS97
722 1 4 4 2 1 1 JKS97
723 2 2 5 1 2 2 JKS97
724 2 3 3 3 0 0 JKS97
725 1 3 5 1 1 0 JKS97
726 1 4 5 4 1 0 JKS97
727 1 3 6 3 0 0 JKS97
728 2 2 5 2 2 1 JKS97
729 1 2 9 0 1 0 JKS97
730 1 3 7 2 1 1 JKS97
731 1 3 7 3 1 0 JKS97
732 1 4 5 2 1 0 JKS97
733 2 2 5 1 1 1 JKS97
734 1 4 5 0 0 1 JKS97
735 2 2 5 0 0 1 JKS97
736 1 5 5 4 1 1 JKS97
737 1 3 7 1 1 0 JKS97
738 1 3 7 0 1 0 JKS97
739 1 4 6 3 0 1 JKS97
740 1 3 8 2 0 1 JKS97
741 1 1 30 0 0 1 JKS97
742 2 3 5 3 2 0 JKS97
743 3 3 3 -1 1 1 JKS97
744 2 3 5 3 1 0 JKS97
745 2 2 7 -1 1 1 JKS97
746 3 3 3 1 1 1 JKS97
747 1 1 36 0 0 1 JKS97
748 1 3 10 3 1 0 JKS97
749 1 4 7 0 1 0 JKS97
750 1 5 7 5 1 1 JKS97
751 2 2 8 2 2 1 JKS97
752 3 3 5 3 3 3 JKS97
753 1 3 11 3 1 0 JKS97
754 1 3 11 0 0 1 JKS97
755 1 4 9 3 1 1 JKS97
756 2 3 7 3 1 2 JKS97
757 1 5 7 2 1 1 JKS97
758 3 3 5 3 3 0 JKS97
759 1 5 7 1 0 1 JKS97
760 1 3 12 3 0 0 JKS97
761 2 2 9 0 0 1 JKS97
762 2 5 5 5 1 2 JKS97
763 1 3 13 3 1 0 JKS97
764 1 2 21 0 0 1 JKS97
765 3 3 5 -2 2 1 JKS97
766 1 5 9 5 1 0 JKS97
767 2 5 5 5 0 0 JKS97
768 1 6 7 0 1 0 JKS97
769 1 7 7 5 1 1 JKS97
770 2 5 5 1 2 2 JKS97
771 1 4 11 2 1 0 JKS97
772 2 5 5 -3 1 1 JKS97
773 1 7 7 3 0 1 JKS97
774 3 5 5 5 3 3 JKS97
775 2 3 8 0 1 0 JKS97
776 1 4 13 2 1 1 JKS97
777 2 5 5 1 1 1 JKS97
778 1 7 9 7 1 0 JKS97
779 3 3 7 3 3 1 JKS97
780 1 3 19 3 1 0 JKS97
781 3 5 5 2 3 3 JKS97
782 2 5 6 3 0 1 JKS97
783 2 2 15 0 0 1 JKS97
784 1 4 15 0 0 1 JKS97
785 2 5 7 5 1 0 JKS97
786 2 3 11 3 2 0 JKS97
787 1 5 13 2 1 1 LO14
788 1 3 22 0 0 1 JKS97
789 1 7 9 0 0 1 JKS97
790 2 3 11 3 1 0 JKS97
791 2 5 8 5 1 2 JKS97
792 1 9 9 8 1 1 JKS97
793 2 3 13 1 2 2 JKS97
794 3 5 5 1 0 3 JKS97
795 1 6 13 6 1 0 JKS97
796 3 3 11 3 3 3 JKS97
797 5 5 5 4 5 5 JKS97
798 3 5 6 1 2 3 JKS97
799 5 5 5 -3 3 4 JKS97
800 1 6 13 3 1 0 LO14
801 2 5 8 -2 1 1 JKS97
802 3 5 7 5 3 0 JKS97
803 1 7 13 5 1 1 JKS97
804 3 3 10 0 0 1 JKS97
805 1 3 31 3 1 0 JKS97
806 2 7 7 3 1 1 JKS97
807 2 7 7 -1 1 1 JKS97
808 1 9 13 9 1 0 JKS97
809 2 5 11 1 2 2 JKS97
810 3 3 12 -2 2 1 JKS97
811 3 5 8 2 0 3 JKS97
812 3 3 12 2 2 1 JKS97
813 2 5 11 2 2 1 LO14
814 2 8 8 7 1 1 JKS97
815 1 3 37 3 1 0 JKS97
816 3 5 9 3 0 3 JKS97
817 3 6 7 0 0 3 JKS97
818 2 8 8 -5 1 1 JKS97
819 3 7 7 4 3 3 JKS97
820 5 5 6 0 0 5 JKS97
821 1 3 44 0 0 1 JKS97
822 1 7 18 0 0 1 JKS97
823 3 3 14 0 0 1 JKS97
824 1 9 15 5 0 1 JKS97
825 3 7 7 1 2 3 JKS97
826 3 5 11 4 3 3 JKS97
827 5 5 8 2 4 5 JKS97
828 3 3 17 -1 1 1 JKS97
829 5 7 7 6 5 5 JKS97
830 1 7 25 5 1 1 JKS97
831 5 5 8 4 4 1 JKS97
832 1 4 45 0 0 1 JKS97
833 5 6 6 3 0 0 JKS97
834 3 7 10 5 0 3 JKS97
835 5 5 8 -2 2 3 JKS97
836 1 9 21 7 0 1 JKS97
837 3 5 13 1 3 2 JKS97
838 5 5 9 3 3 4 JKS97
839 3 5 15 3 3 3 LO14
840 1 10 19 0 1 0 JKS97
841 3 3 22 2 2 1 JKS97
842 3 7 10 0 0 3 JKS97
843 1 13 15 3 0 1 JKS97
844 5 5 8 2 2 1 JKS97
845 1 7 31 5 1 1 JKS97
846 2 11 11 1 2 2 JKS97
847 5 5 10 2 2 3 JKS97
848 1 15 19 15 1 0 JKS97
849 5 7 8 2 0 5 JKS97
850 1 7 36 0 0 1 JKS97
851 5 8 9 -6 3 4 JKS97
852 3 7 13 -3 1 2 JKS97
853 1 13 23 13 1 0 JKS97
854 5 7 10 2 4 5 JKS97
855 3 9 11 3 3 0 JKS97
856 6 7 10 7 3 6 JKS97
857 1 10 29 5 1 0 LO14
858 2 7 22 -6 1 1 Oh11
859 5 6 11 3 5 0 JKS97
860 5 9 9 9 3 3 JKS97
861 5 5 13 1 1 3 JKS97
862 5 8 9 6 3 2 JKS97
863 2 8 21 0 0 1 JKS97
864 5 5 17 2 5 4 JKS97
865 6 7 10 7 3 0 JKS97
866 1 19 19 8 1 1 JKS97
867 5 9 11 9 5 0 JKS97
868 7 7 7 -1 1 1 JKS97
869 7 7 8 2 2 3 JKS97
870 7 7 8 -2 2 1 JKS97
871 5 8 11 4 1 4 JKS97
872 5 8 11 -4 1 2 LO14
873 8 9 9 9 6 6 JKS97
874 8 9 9 -3 6 6 JKS97
875 5 11 11 7 5 5 JKS97
876 7 7 13 2 7 4 JKS97
877 5 10 13 10 1 2 JKS97
878 5 9 15 9 3 3 LO14
879 1 19 30 0 0 1 JKS97
880 3 7 30 0 0 3 JKS97
881 9 9 11 9 9 3 JKS97
882 9 9 11 3 6 9 JKS97
883 1 9 70 0 0 1 JKS97
884 5 9 17 6 5 3 LO14
885 5 5 33 -3 3 4 JKS97
886 6 7 19 7 6 0 JKS97
887 3 7 37 4 3 3 JKS97
888 3 17 17 8 3 3 JKS97
889 7 10 13 5 1 4 JKS97
890 2 15 32 15 1 0 LO14
891 8 11 11 1 4 4 JKS97
892 5 11 21 3 0 5 JKS97
893 7 13 13 -7 1 1 JKS97
894 5 11 24 6 0 5 JKS97
895 7 8 23 6 7 2 Oh11
896 5 9 27 0 3 3 LO14
897 5 17 17 1 2 5 JKS97
898 7 13 19 8 7 7 JKS97
899 7 7 28 -2 2 1 JKS97
900 11 11 15 3 3 8 JKS97
901 3 17 35 5 0 3 JKS97
902 5 17 23 7 5 5 JKS97
903 7 13 22 2 4 7 JKS97
904 9 11 21 3 9 6 JKS97
905 5 17 26 2 4 5 JKS97
906 7 13 27 3 6 7 JKS97
907 5 13 33 -6 3 1 LO14
908 9 14 23 14 3 6 JKS97
909 9 11 29 -4 3 6 LO14
910 5 17 33 9 3 2 JKS97
911 7 13 37 13 1 2 JKS97
912 7 13 39 -9 6 1 JKS97
913 11 15 39 -3 6 3 LO14
