// 3494 representatives of primitive single-class Z-lattices
// dimension 1: 1 lattices
1
// dimension 2: 1609 lattices
5 1 23
10 4 13
11 2 19
13 4 17
2 1 34
3 1 6
17 3 51
19 4 46
23 4 38
31 14 34
26 1 146
34 9 114
38 9 102
58 27 78
94 1 334
86 9 366
122 9 258
34 15 930
62 15 510
102 15 310
170 15 186
142 49 238
34 3 46
2 1 218
6 3 74
10 5 46
22 7 22
31 2 139
29 4 149
17 8 257
34 9 129
43 9 102
51 9 86
58 25 85
62 29 83
17 1 23
7 3 57
19 3 21
14 4 29
1 0 15
3 0 5
46 1 58
34 11 82
2 1 214
14 7 34
19 1 94
38 1 47
13 3 138
23 3 78
26 3 69
39 3 46
29 10 65
37 18 57
2 1 26
6 3 10
1 0 13
2 1 7
2 1 398
6 3 134
10 5 82
30 15 34
4 1 14
1 0 385
5 0 77
7 0 55
11 0 35
2 1 193
10 5 41
14 7 31
22 11 23
3 1 5
1 0 105
3 0 35
5 0 21
7 0 15
2 1 53
6 3 19
11 4 11
10 5 13
2 1 22
26 3 174
58 3 78
38 11 122
46 19 106
2 1 578
34 1 34
6 3 194
10 5 118
14 7 86
22 11 58
30 15 46
38 17 38
2 1 18
6 1 6
7 2 82
14 2 41
17 5 35
21 9 31
4 1 10
1 0 10
2 0 5
2 1 202
22 9 22
1 0 7
1 0 102
2 0 51
3 0 34
6 0 17
11 4 19
34 5 122
58 13 74
11 1 26
13 1 22
7 3 42
14 3 21
2 1 10
2 1 1502
6 3 502
14 7 218
22 11 142
26 13 122
58 19 58
42 21 82
62 29 62
1 0 5
2 1 3
26 11 34
26 1 58
1 0 6
2 0 3
7 1 14
10 3 114
30 3 38
23 3 29
19 8 38
2 1 6
23 4 82
41 4 46
19 7 101
38 12 53
1 0 3
2 1 8
4 1 4
5 2 113
10 3 57
15 3 38
19 3 30
1 0 190
2 0 95
5 0 38
10 0 19
2 1 2
13 3 87
29 3 39
31 5 37
26 10 47
1 0 1
29 1 74
37 1 58
7 2 307
14 5 155
31 5 70
35 5 62
21 9 106
42 9 53
2 1 4
11 2 26
13 2 22
1 0 2
26 5 130
46 7 74
1 0 93
3 0 31
2 1 47
6 3 17
7 2 67
13 4 37
14 5 35
21 9 26
23 5 74
37 5 46
29 11 62
31 11 58
13 2 373
23 10 215
43 10 115
26 11 191
46 13 109
39 15 130
65 15 78
69 33 86
14 3 26
19 3 118
38 3 59
13 4 173
26 9 89
22 5 34
19 3 69
23 3 57
38 16 41
37 17 43
11 3 102
17 3 66
22 3 51
33 3 34
13 5 59
26 8 31
1 0 462
2 0 231
3 0 154
6 0 77
7 0 66
11 0 42
14 0 33
21 0 22
122 1 278
22 3 1542
66 3 514
134 11 254
82 19 418
158 23 218
110 25 314
154 63 246
17 5 34
19 6 31
1 0 273
3 0 91
7 0 39
13 0 21
2 1 137
6 3 47
17 4 17
14 7 23
2 1 358
10 5 74
22 11 38
26 13 34
46 3 186
62 3 138
34 15 258
86 15 102
17 1 38
19 1 34
11 2 59
22 9 33
38 1 166
46 15 142
1 0 85
5 0 17
2 1 43
10 5 11
22 7 238
34 7 154
66 15 82
58 27 102
1 0 177
3 0 59
2 1 89
6 3 31
2 1 1658
6 3 554
10 5 334
58 7 58
26 13 134
30 15 118
34 17 106
62 23 62
11 1 101
19 7 61
22 10 55
33 12 38
22 3 66
34 11 46
6 1 54
22 7 322
46 7 154
66 15 110
62 23 122
7 3 13
2 1 718
38 3 38
10 5 146
14 7 106
7 1 158
14 1 79
19 4 59
35 15 38
7 1 38
14 1 19
14 5 530
70 5 106
42 9 178
62 13 122
1 0 357
3 0 119
7 0 51
17 0 21
2 1 179
19 2 19
6 3 61
14 7 29
3 1 26
6 1 13
1 0 78
2 0 39
3 0 26
6 0 13
13 6 102
17 6 78
26 6 51
34 6 39
22 9 102
34 9 66
14 1 554
38 15 210
42 15 190
70 15 114
22 9 34
10 3 142
10 3 30
7 2 11
13 3 78
26 3 39
17 7 62
31 7 34
17 7 287
41 7 119
29 10 170
34 10 145
58 10 85
51 24 106
53 24 102
73 34 82
13 6 37
19 7 26
1 0 165
3 0 55
5 0 33
11 0 15
2 1 83
13 2 13
6 3 29
10 5 19
14 3 74
10 3 178
26 7 70
13 2 178
26 2 89
17 6 138
23 6 102
34 6 69
46 6 51
37 13 67
39 15 65
10 3 66
22 3 30
7 1 37
14 6 21
5 1 14
7 1 10
10 1 214
30 9 74
11 5 85
17 5 55
22 6 43
31 12 34
17 1 218
34 1 109
29 6 129
43 6 87
47 14 83
51 18 79
59 22 71
58 23 73
1 0 70
2 0 35
5 0 14
7 0 10
23 7 74
37 7 46
17 8 101
34 9 51
26 11 58
2 1 134
6 3 46
11 3 41
22 8 23
14 3 366
42 3 122
34 11 154
70 25 82
1 0 253
11 0 23
2 1 127
17 6 17
29 2 41
11 5 110
22 5 55
33 6 37
1 0 345
3 0 115
5 0 69
15 0 23
2 1 173
6 3 59
19 4 19
10 5 37
10 1 26
38 5 86
34 15 102
3 1 22
6 1 11
22 3 46
22 3 402
66 3 134
86 25 110
82 29 118
5 2 14
7 2 10
2 1 314
6 3 106
26 7 26
22 11 34
26 3 426
78 3 142
94 5 118
74 25 158
13 2 34
17 2 26
23 3 218
46 3 109
19 7 266
38 7 133
37 8 137
47 20 115
61 27 94
74 29 79
38 9 146
62 19 94
13 6 237
39 6 79
17 7 182
26 7 119
34 7 91
37 10 85
53 20 65
51 24 71
26 1 38
22 5 46
38 7 518
74 7 266
62 9 318
106 9 186
118 37 178
82 39 258
86 39 246
114 45 190
17 2 97
11 4 151
22 7 77
34 15 55
1 0 1365
3 0 455
5 0 273
7 0 195
13 0 105
15 0 91
21 0 65
35 0 39
2 1 683
37 2 37
6 3 229
10 5 139
14 7 101
26 13 59
30 15 53
42 21 43
2 1 118
10 5 26
13 1 62
26 1 31
11 3 74
22 3 37
62 1 82
38 3 134
5 1 31
10 4 17
17 2 53
11 4 83
22 7 43
33 15 34
62 1 118
26 11 286
58 15 130
74 23 106
22 3 282
66 3 94
74 13 86
62 25 110
1 0 57
3 0 19
2 1 29
6 3 11
2 1 298
10 5 62
14 7 46
26 9 26
1 0 58
2 0 29
5 1 86
10 1 43
15 6 31
17 8 29
46 1 94
38 3 114
10 1 22
7 -1 8
19 1 106
38 1 53
31 8 67
41 18 57
46 7 322
106 17 142
94 29 166
118 39 138
10 3 246
30 3 82
14 5 70
7 3 22
11 3 14
6 1 34
22 1 94
38 17 62
17 1 47
11 4 74
22 4 37
31 15 33
5 1 122
10 1 61
15 6 43
23 9 30
11 2 22
13 3 19
2 1 98
14 1 14
6 3 34
10 5 22
1 0 330
2 0 165
3 0 110
5 0 66
6 0 55
10 0 33
11 0 30
15 0 22
5 2 29
10 3 15
23 2 59
13 5 106
26 5 53
39 18 43
2 1 94
14 3 14
19 9 46
23 9 38
11 1 13
2 1 278
6 3 94
10 5 58
26 11 26
23 4 31
19 5 38
5 2 10
7 3 61
14 4 31
14 3 146
38 13 58
7 3 21
11 4 14
14 3 66
22 3 42
74 7 134
58 15 174
86 25 122
94 35 118
10 1 166
30 9 58
7 1 73
13 6 42
14 6 39
21 6 26
17 2 118
34 2 59
29 12 74
37 12 58
2 1 82
46 3 174
58 3 138
38 17 218
74 21 114
17 1 19
13 4 26
1 0 42
2 0 21
3 0 14
6 0 7
1 0 133
7 0 19
2 1 67
13 6 13
6 1 26
13 1 82
26 1 41
23 4 47
31 12 39
5 -1 8
11 1 46
22 1 23
58 1 202
34 7 346
102 27 122
86 29 146
26 9 138
46 9 78
1 0 37
2 1 19
7 2 86
14 2 43
26 1 106
34 13 86
22 9 78
26 9 66
82 3 202
74 13 226
58 27 298
94 41 194
22 7 602
86 7 154
110 15 122
94 23 146
11 5 65
13 5 55
22 6 33
26 8 29
1 0 130
2 0 65
5 0 26
10 0 13
38 5 230
46 5 190
82 31 118
86 33 114
1 0 33
3 0 11
2 1 17
6 3 7
2 1 998
6 3 334
10 5 202
14 7 146
46 11 46
30 15 74
38 19 62
42 21 58
37 1 74
47 6 59
43 12 67
41 16 73
5 1 7
34 7 38
2 1 62
6 3 22
11 2 71
13 4 61
22 9 39
26 9 33
13 2 17
11 5 22
13 3 39
23 10 26
2 1 58
10 5 14
13 1 67
19 2 46
23 2 38
26 12 39
11 3 29
17 8 22
1 0 30
2 0 15
3 0 10
5 0 6
2 1 242
22 1 22
6 3 82
14 7 38
22 7 58
14 1 194
42 15 70
7 2 31
14 5 17
29 8 61
19 9 94
38 9 47
37 16 53
46 1 886
86 3 474
158 3 258
82 9 498
166 9 246
62 17 662
138 45 310
186 45 230
7 3 138
14 3 69
21 3 46
23 3 42
11 4 326
22 4 163
47 7 77
23 8 158
46 8 79
33 15 115
55 15 69
59 18 66
11 3 249
33 3 83
19 5 145
29 5 95
22 8 127
38 14 77
57 24 58
55 25 61
2 1 46
10 3 10
13 1 167
29 11 79
26 12 89
43 18 58
1 0 210
2 0 105
3 0 70
5 0 42
6 0 35
7 0 30
10 0 21
14 0 15
5 2 61
10 3 31
1 0 21
3 0 7
2 1 11
5 2 5
34 5 58
26 9 78
1 0 22
2 0 11
23 1 82
41 1 46
17 6 113
34 11 59
11 1 146
22 1 73
31 10 55
33 12 53
17 3 62
31 3 34
23 6 47
29 12 41
5 2 92
20 2 23
13 5 37
15 -3 31
18 3 34
7 -1 22
11 1 14
17 6 204
51 6 68
23 8 152
57 -27 73
19 -8 184
37 3 93
31 3 111
53 -15 69
17 2 92
23 2 68
29 -8 56
35 -15 51
19 -6 84
28 -6 57
7 1 223
21 6 76
1 0 60
4 0 15
5 0 12
19 8 16
16 0 15
3 0 20
3 0 80
12 6 23
4 -2 61
23 -11 47
16 4 61
19 -3 51
17 -3 57
17 -7 17
1 0 240
5 0 48
18 3 214
34 13 118
26 5 50
22 -1 58
9 3 14
7 2 8
7 3 18
7 -3 31
11 -1 19
9 3 386
45 -15 82
62 21 63
46 13 79
8 2 193
18 3 193
41 15 90
31 10 115
23 -10 155
32 12 197
32 4 193
41 -10 40
31 -14 56
23 1 67
23 2 268
67 2 92
31 3 199
61 1 101
59 -25 115
41 -20 160
3 -1 19
5 2 12
5 -2 26
10 2 13
19 -3 27
13 4 40
5 1 101
20 -6 27
8 2 53
19 6 24
32 4 53
32 12 57
13 3 33
11 -3 39
44 -6 39
11 5 155
33 6 52
31 5 55
13 -6 132
19 -7 91
18 3 22
2 -1 158
22 9 18
14 -7 26
10 5 34
7 -3 327
28 10 85
31 -13 79
17 -7 137
56 24 51
35 -10 68
41 4 56
21 -3 109
1 0 40
4 2 11
11 3 9
7 -1 13
11 -5 35
9 -3 41
13 2 28
7 2 52
11 4 16
8 -4 7
7 1 23
5 0 8
18 3 202
22 -5 166
1 0 28
4 0 7
8 3 9
11 -1 23
9 -3 29
9 3 113
36 -6 29
11 -2 92
23 -2 44
11 -3 11
7 0 16
1 0 112
11 5 43
4 -2 29
16 -4 29
1 0 408
4 2 103
12 -6 37
24 -12 23
16 4 103
37 12 48
23 -1 71
32 -8 53
8 -4 53
3 0 136
17 0 24
8 0 51
10 3 18
14 -1 34
1 0 45
5 0 9
3 -1 7
2 -1 23
7 2 7
7 -3 27
7 1 103
28 -6 27
8 2 23
27 12 32
23 4 32
3 1 27
7 -2 12
1 0 24
4 2 7
7 2 22
11 2 14
7 -3 87
25 10 28
11 4 56
21 -3 29
5 -1 5
7 -3 15
5 2 20
3 0 8
23 6 116
29 6 92
19 -3 139
41 19 73
2 -1 50
10 -1 10
6 -1 46
54 -3 46
50 15 54
97 38 92
23 8 328
95 -5 79
67 15 115
53 24 152
76 14 101
41 -8 184
19 5 395
1 0 12
3 0 4
3 0 16
7 -1 7
4 -2 13
7 -2 28
13 -4 16
1 0 48
4 2 191
1 0 760
9 3 191
29 -1 59
18 6 97
9 -3 761
36 6 191
43 -15 45
43 13 163
45 15 157
72 -24 103
59 2 116
72 12 97
29 2 236
19 0 40
5 0 152
8 0 95
29 9 29
16 4 191
20 10 43
8 -4 97
43 20 80
32 8 97
29 -11 109
2 -1 14
2 -1 38
6 -3 14
14 -5 38
2 -1 74
6 -3 26
14 -1 26
13 6 348
52 6 87
29 6 156
47 -20 104
37 10 124
39 6 116
53 -21 93
31 10 148
1 0 4
1 0 9
2 -1 5
1 0 25
2 -1 13
5 1 10
8 -2 13
13 -3 18
17 -5 25
13 -4 32
9 3 26
5 2 8
5 -1 29
9 -3 17
1 0 16
5 2 4
5 -1 13
4 -1 16
11 4 104
33 -15 41
31 9 39
13 -4 88
1 0 8
3 -1 3
1 0 18
2 0 9
8 4 11
8 0 9
11 -3 27
1 0 72
4 2 19
19 4 16
3 1 11
8 2 47
17 6 24
32 12 51
32 4 47
29 -7 53
17 -5 89
19 6 276
76 6 69
23 6 228
43 9 123
41 9 129
37 -3 141
47 -3 111
57 -6 92
13 -3 229
52 10 59
31 -15 103
41 5 73
1 0 1848
4 2 463
12 -6 157
16 4 463
28 14 73
53 22 44
47 19 47
53 -9 141
24 -12 83
8 -4 233
96 -24 83
32 8 233
73 -28 112
43 -2 172
48 -12 157
47 -9 159
43 1 43
3 0 616
7 0 264
11 0 168
33 0 56
24 0 77
8 0 231
21 0 88
8 2 137
24 6 47
32 12 141
32 4 137
17 -8 68
23 9 51
23 -5 191
51 18 92
17 1 257
47 12 96
68 -18 69
59 23 83
18 3 358
34 5 190
74 15 90
38 5 170
9 3 86
22 -7 37
8 2 43
18 3 43
11 4 71
11 1 31
32 12 47
32 4 43
11 2 124
31 2 44
8 2 89
31 6 24
32 12 93
32 4 89
43 7 67
31 12 96
11 2 404
44 2 101
47 -5 95
57 -24 88
33 9 137
61 14 76
55 -20 88
19 5 235
58 15 54
62 21 54
7 -1 47
13 6 28
18 3 718
38 -9 342
90 15 146
106 -21 126
8 2 179
24 6 61
19 -4 76
32 4 179
32 12 183
29 -14 56
29 1 197
57 -27 113
19 -8 304
73 -36 96
76 -30 87
61 -12 96
27 3 26
31 12 27
13 -3 54
17 -2 41
1 0 312
4 2 79
12 -6 29
16 4 79
24 -12 19
8 -4 41
19 5 67
32 8 41
29 -12 48
3 0 104
13 0 24
8 0 39
13 -1 397
52 14 103
61 -5 85
51 12 104
17 -5 305
39 -12 136
65 25 89
68 -22 83
17 -3 1137
68 14 287
109 54 204
136 -20 145
123 27 163
41 14 476
87 9 223
29 9 669
107 49 203
51 -3 379
136 48 159
85 20 232
119 -14 164
73 5 265
116 38 179
53 5 365
8 2 83
29 6 24
32 4 83
32 12 87
19 9 39
13 4 52
13 -5 205
57 18 52
19 -1 139
29 12 96
39 -18 76
41 5 65
52 22 187
13 4 712
39 9 239
65 30 156
115 -35 91
68 -22 143
85 5 109
51 -12 184
104 4 89
67 26 148
37 -11 253
104 48 111
23 -11 407
69 -12 136
113 34 92
17 5 545
7 2 148
28 2 37
23 -7 47
21 9 53
11 -1 331
44 10 85
17 7 217
43 12 88
31 7 119
55 10 68
53 21 77
41 3 89
1 0 280
4 2 71
9 3 71
18 6 37
9 -3 281
36 6 71
19 4 34
17 4 38
17 8 152
47 -21 63
43 19 67
45 15 61
37 12 72
19 8 136
16 4 71
19 -9 19
17 -3 17
17 -6 68
8 -4 37
32 -8 37
19 -1 59
5 0 56
7 0 40
8 0 35
11 -5 163
44 6 41
29 -1 61
23 -7 79
9 3 254
34 -1 67
8 2 127
18 3 127
17 -1 134
17 5 61
32 4 127
32 12 131
61 10 68
17 7 241
8 2 173
24 6 59
19 -8 76
32 4 173
32 12 177
37 -10 40
37 17 157
57 -3 97
19 -3 291
71 35 95
76 22 79
59 12 96
27 3 22
23 6 27
11 -3 54
19 -2 31
5 -1 53
15 6 20
13 3 21
7 3 39
13 4 136
43 -21 51
17 -4 104
47 9 39
8 2 683
24 6 229
32 4 683
32 12 687
59 26 104
40 -10 139
56 -14 101
43 1 127
101 -28 224
129 -45 185
53 -23 113
37 -4 148
37 -8 592
193 82 148
59 -7 371
96 -12 229
159 60 160
53 7 413
43 -2 508
111 45 215
113 -46 212
139 20 160
127 2 172
96 36 241
18 3 118
26 -11 86
5 2 124
20 2 31
17 8 40
19 -7 35
8 2 29
11 -5 23
33 12 32
32 4 29
23 10 44
11 1 83
18 3 298
26 1 206
62 15 90
46 -21 126
1 0 232
4 2 59
9 3 59
18 6 31
9 -3 233
36 6 59
31 12 72
37 13 61
16 4 59
8 -4 31
31 8 32
8 0 29
7 -2 32
17 -1 13
17 -2 52
13 -2 68
7 3 127
28 -10 35
34 3 54
38 15 54
17 2 188
47 2 68
37 8 88
44 14 77
31 -1 103
11 3 291
33 3 97
51 15 67
29 -11 37
11 4 88
19 -6 52
13 -6 76
4 2 331
1 0 1320
3 0 440
5 0 264
11 0 120
33 0 40
24 0 55
8 0 165
15 0 88
12 -6 113
16 4 331
20 10 71
41 -19 41
40 -20 43
41 3 129
24 -12 61
8 -4 167
61 -24 96
32 8 167
71 -20 80
37 -14 148
48 12 113
43 -3 123
37 7 37
18 3 94
14 5 122
11 2 52
13 2 44
5 -1 37
11 -5 19
7 -1 239
28 6 61
31 8 56
37 17 53
7 -1 79
21 6 28
11 3 51
17 3 33
7 2 292
28 2 73
35 5 59
41 16 56
21 -9 101
13 1 157
39 12 56
43 -14 52
68 30 131
17 4 472
37 13 221
71 -21 119
59 -4 136
79 -34 116
29 5 277
89 25 97
18 3 82
17 2 76
19 2 68
13 -5 101
31 13 47
1 0 168
4 2 43
12 -6 17
16 4 43
13 1 13
8 -4 23
13 2 52
23 8 32
17 -5 41
3 0 56
7 0 24
8 0 21
9 3 134
26 5 47
8 2 67
18 3 67
13 5 94
13 1 41
32 12 71
32 4 67
41 -2 52
13 2 164
26 3 54
34 -13 46
5 -2 32
11 -3 15
11 5 59
15 -6 44
5 -1 125
20 6 33
9 3 38
8 2 19
19 3 18
23 -11 31
19 4 32
7 -3 343
28 10 89
56 24 53
43 4 56
11 -1 251
44 10 65
43 -11 67
52 -10 55
13 -3 213
39 -3 71
33 12 88
29 13 101
1 0 520
4 2 131
9 3 131
18 6 67
9 -3 521
36 6 131
23 -7 53
31 -15 45
31 1 151
45 15 109
72 -24 73
53 14 92
67 -12 72
23 -9 207
16 4 131
23 3 23
20 10 31
31 -11 71
8 -4 67
32 -8 67
23 -6 92
13 0 40
5 0 104
8 0 65
8 2 17
7 -1 19
21 -9 29
17 4 32
19 -2 28
7 -2 76
5 2 28
7 2 20
13 6 156
39 6 52
29 -3 69
23 -3 87
18 3 58
14 1 74
13 2 268
52 2 67
41 -13 89
23 4 152
61 -27 69
39 -15 95
57 -15 65
19 4 184
11 -5 115
29 6 44
17 -1 73
23 -5 55
1 0 120
4 2 31
13 -6 12
16 4 31
11 -1 11
8 -4 17
11 -2 44
17 8 32
13 1 37
3 0 40
5 0 24
8 0 15
44 14 329
11 -3 1299
33 -3 433
115 -30 132
55 -25 271
77 14 188
79 -16 184
109 33 141
88 36 177
59 -23 251
89 7 161
88 -8 163
23 7 623
69 -30 220
92 -30 165
47 14 308
44 6 249
11 -5 995
33 -6 332
87 39 143
55 -5 199
77 28 152
95 -10 116
57 9 193
19 9 579
61 -11 181
88 -16 127
67 1 163
76 -10 145
88 -28 133
29 -10 380
83 -6 132
18 3 46
50 5 46
38 -9 62
10 -1 82
13 2 668
52 2 167
43 7 203
104 24 89
65 15 137
79 -22 116
91 28 104
29 -7 301
4 2 211
1 0 840
3 0 280
5 0 168
7 0 120
21 0 40
24 0 35
8 0 105
15 0 56
12 -6 73
16 4 211
20 10 47
28 14 37
31 -11 31
37 -9 93
24 -12 41
8 -4 107
41 17 89
32 -8 107
47 -20 80
29 2 116
48 12 73
31 9 111
29 -1 29
22 -5 25
19 8 31
8 2 11
11 5 50
17 6 33
5 1 17
15 -3 23
11 4 32
17 2 20
5 2 68
1 0 88
4 2 23
9 3 23
13 6 18
9 -3 89
23 6 36
13 -1 61
19 -5 43
16 4 23
8 -4 13
13 -5 29
8 0 11
// dimension 3: 794 lattices
1 0 2 0 0 3
2 0 5 0 0 15
3 1 3 1 1 11
4 2 7 0 3 7
2 0 4 1 1 6
4 1 4 0 0 6
2 1 2 1 1 4
2 1 4 0 1 4
1 0 1 0 0 21
2 1 2 0 0 15
1 0 6 0 3 21
1 0 6 0 3 9
1 0 1 0 0 5
1 0 1 0 0 3
1 0 2 0 1 3
6 1 6 2 -2 10
4 0 6 1 3 10
2 1 2 0 0 2
4 1 4 0 0 10
4 1 14 1 3 14
1 0 2 0 1 2
1 0 2 0 1 18
1 0 2 0 1 6
2 0 2 0 0 3
1 0 2 0 0 6
2 0 5 0 0 6
2 0 3 0 1 5
1 0 2 0 0 5
1 0 1 0 0 2
1 0 1 0 0 6
1 0 1 0 0 1
2 0 3 1 0 7
2 1 3 0 0 3
3 0 3 0 0 7
2 1 2 0 0 5
5 0 6 0 1 6
2 1 2 1 1 3
2 1 3 0 1 5
1 0 3 0 0 30
2 0 2 1 0 8
4 1 4 2 2 10
2 0 2 1 0 4
2 1 4 1 1 10
2 1 2 0 0 6
2 1 8 0 0 30
4 1 4 1 -1 4
2 1 4 0 0 14
4 1 10 1 -3 10
1 0 2 0 0 10
1 0 3 0 0 10
1 0 3 0 1 5
3 -1 3 0 0 3
1 0 5 0 1 5
1 0 3 0 0 6
3 0 4 0 2 7
1 0 9 0 3 9
2 0 3 0 0 6
2 0 3 0 0 9
1 0 3 0 0 18
2 0 6 0 0 9
3 0 4 0 2 19
1 0 12 0 -6 21
8 4 11 0 0 24
8 0 15 0 -3 15
1 0 6 0 0 18
3 0 8 0 4 11
5 -1 5 0 0 9
4 2 19 0 0 24
4 2 7 0 0 72
8 0 9 0 -3 9
5 -1 5 0 0 24
4 -2 7 0 0 8
3 -1 3 0 0 24
1 0 10 0 0 30
5 0 8 0 4 17
7 -3 7 0 0 15
6 0 5 0 0 15
3 0 10 0 0 30
11 1 11 0 0 15
5 0 21 0 -9 21
7 -1 13 0 0 15
3 0 11 0 3 9
7 0 15 -2 0 52
13 -1 22 -1 -8 22
9 -3 11 0 0 30
7 0 6 1 0 13
36 18 39 -12 -6 44
11 5 35 0 0 120
7 0 24 -2 0 52
19 7 19 2 2 28
9 0 12 -3 -6 14
3 0 11 0 -5 35
1 0 12 0 -6 33
3 0 4 0 -2 11
3 0 4 0 -2 31
1 0 13 0 6 12
2 0 6 0 0 15
12 6 33 0 0 40
12 6 13 0 0 120
8 -4 17 0 0 24
4 -2 31 0 0 40
8 0 11 0 -1 11
8 0 24 0 -12 21
4 2 11 0 0 120
8 -4 7 0 0 24
12 4 12 6 -2 15
5 -2 12 -2 -2 12
5 -2 8 -2 2 8
5 1 29 1 5 29
8 2 11 4 1 23
4 0 15 -2 -6 16
8 2 11 -4 -1 11
15 3 23 6 -10 44
4 -1 10 1 -1 10
5 1 17 2 -8 68
20 2 17 10 1 257
10 4 10 5 2 34
10 -2 34 5 -1 34
10 -1 10 2 -2 16
16 0 15 -8 3 55
2 -1 8 -1 2 26
13 -1 13 -3 -3 33
14 0 12 -7 -3 20
33 -6 52 -6 -4 52
14 -7 26 -7 8 38
2 -1 26 0 -3 30
11 4 32 2 16 92
4 -1 16 1 5 16
18 9 22 6 -4 16
6 0 10 3 1 10
6 -1 6 1 1 34
2 -1 6 0 2 16
17 -2 20 -1 10 33
11 -3 11 -1 1 19
8 4 13 -2 -1 17
5 1 5 -1 1 17
20 4 20 -2 2 17
7 1 19 3 -9 39
8 -2 11 0 3 15
11 -4 32 -5 4 59
4 1 10 -1 2 16
13 -3 21 -4 6 52
52 18 57 -12 6 84
14 -4 20 1 -5 26
14 1 26 6 -9 78
10 2 16 -3 -6 18
12 -6 14 3 4 20
19 2 28 1 14 139
17 4 32 2 16 52
14 -1 26 1 7 26
6 -3 10 0 -2 16
14 -3 14 2 -2 16
2 -1 10 0 -1 14
6 -3 10 -3 -2 10
3 0 8 0 2 8
4 -1 10 -2 -4 10
6 -3 14 0 -5 20
10 -5 10 -2 4 16
5 -2 8 1 -4 17
12 -6 13 0 5 25
5 1 29 2 -14 68
25 0 48 10 -24 52
6 3 14 3 4 74
4 0 15 -2 0 16
12 6 15 6 3 23
1 0 4 0 -2 16
5 0 8 0 2 8
4 2 5 2 1 61
20 10 17 10 5 25
13 4 32 2 16 68
19 -8 16 -4 8 64
39 -6 44 -6 4 44
8 -2 13 4 -1 17
4 1 14 -1 1 14
11 1 11 -3 -3 39
10 0 12 -5 -3 22
10 -5 22 0 -6 48
14 1 14 2 -2 16
2 0 30 -1 -15 38
2 0 8 -1 -4 10
6 0 10 -3 -5 14
2 1 2 1 0 14
2 1 4 0 1 6
3 -1 3 1 -1 3
4 -1 16 1 -7 16
2 -1 4 -1 2 14
4 0 10 1 -5 14
2 0 14 -1 3 14
4 -2 8 0 -2 7
8 -4 7 -2 1 23
7 0 16 3 -8 31
35 10 28 15 -6 27
10 -5 14 0 -2 16
14 -4 14 -2 7 26
18 -9 18 -6 0 16
8 4 11 2 1 23
7 3 27 -2 12 52
23 4 32 2 16 44
27 -6 28 -3 14 187
14 7 26 -6 -3 54
3 -1 7 1 3 7
3 1 11 -1 -3 11
7 -1 7 1 1 7
3 -1 27 -1 -13 27
7 -2 12 -1 6 103
15 0 16 -5 -8 39
7 -2 12 1 -6 23
4 -2 11 0 -5 15
3 -1 7 -1 -3 27
4 2 6 -1 -3 14
6 -2 14 -3 1 14
2 -1 8 1 2 18
2 1 18 0 5 30
4 1 4 1 -1 14
6 -1 6 -1 1 6
3 -1 3 -1 1 7
2 -1 6 1 0 10
10 -3 10 -2 -2 16
7 -2 12 2 -4 12
8 2 7 4 1 15
11 -1 19 5 9 59
2 0 2 -1 1 22
4 0 4 2 2 23
3 0 7 0 0 7
10 -3 10 -4 -3 10
12 6 17 -6 -3 17
5 1 10 0 0 21
1 0 21 0 0 21
4 2 22 -2 -1 22
4 2 43 -2 -1 43
7 0 15 0 3 30
3 0 14 0 -7 35
3 0 7 0 0 63
10 4 10 -3 3 66
12 0 28 6 14 73
1 0 9 0 0 21
4 -2 10 2 -1 22
4 0 36 2 18 31
16 -4 31 4 5 103
48 -12 73 0 -28 112
10 -4 16 1 -4 22
10 -2 34 3 -9 66
12 6 17 6 3 129
14 0 12 7 6 38
2 -1 5 0 0 21
8 -4 20 4 -2 23
2 0 18 -1 -9 26
28 14 37 0 6 60
22 -8 22 -3 3 30
10 -2 20 1 -10 26
40 -20 31 -4 2 20
16 4 43 8 2 172
12 0 12 -6 -6 13
13 -1 37 1 11 37
16 0 16 -4 -4 23
17 5 41 6 -18 68
16 -4 22 -4 1 22
6 0 6 -3 -3 10
6 -3 10 3 -4 22
2 0 8 -1 2 22
10 3 10 -1 -1 26
3 0 10 0 5 10
8 4 8 4 2 17
2 1 2 0 0 60
2 0 6 -1 3 17
8 4 8 0 0 15
6 3 6 3 3 7
9 -3 11 3 4 11
7 1 19 -1 -7 19
6 3 6 3 0 22
6 3 7 -3 -4 19
13 -1 13 1 -1 13
2 -1 14 -1 5 17
10 5 13 5 4 22
2 -1 14 -1 -4 62
8 4 23 0 3 39
27 0 40 9 20 43
10 5 22 0 -3 42
9 -3 41 3 19 41
24 0 45 -12 -15 61
13 2 28 -1 -14 157
14 -7 11 2 -1 26
7 -1 19 3 -3 18
11 -1 26 -3 3 39
14 1 14 1 -1 14
6 -3 34 0 5 70
18 -6 22 -9 3 42
11 5 35 -3 15 39
19 2 28 5 -2 67
39 6 44 -3 18 111
6 -3 19 -3 4 34
7 1 13 3 -6 42
3 0 40 0 20 40
8 -4 8 0 0 5
1 0 40 0 -20 40
13 -2 28 1 -14 61
9 -3 41 -3 -19 281
5 0 24 0 -12 56
5 0 8 0 -4 152
15 0 24 0 12 56
8 0 15 -4 0 152
10 0 12 -5 -6 13
8 2 17 0 6 24
2 -1 17 0 6 24
6 0 8 -3 -2 17
2 -1 7 0 3 6
4 0 10 -2 -5 11
2 -1 7 1 -1 19
8 -2 7 0 3 6
8 -2 7 2 -1 19
11 -4 16 -1 4 31
13 -3 33 -1 -9 37
11 -4 11 3 3 14
10 -5 13 5 -4 37
10 -5 11 0 -4 16
13 2 13 1 -1 22
10 5 10 0 0 12
2 -1 2 0 0 20
4 0 10 0 -5 10
18 -9 18 6 -3 22
14 -2 26 -1 13 74
6 -3 14 0 0 20
2 0 20 -1 0 38
6 3 14 0 0 60
2 -1 38 0 0 60
12 -6 13 6 -3 33
17 -8 32 -4 16 32
32 16 32 0 12 21
7 3 7 2 -2 8
4 -2 11 2 -1 31
11 1 19 1 3 19
7 -1 23 -3 -11 31
11 -4 16 -2 8 124
33 -12 48 -6 24 52
16 -4 31 8 -2 44
13 -1 37 6 18 132
6 0 15 -3 0 14
2 0 15 -1 0 38
1 0 10 0 -5 10
5 0 6 0 -3 14
2 0 5 -1 0 38
9 3 11 3 -4 71
7 -1 13 3 6 18
4 2 7 -2 -1 79
4 0 6 2 -3 22
6 0 13 -3 0 21
3 0 7 0 3 18
12 6 21 0 6 28
10 -4 10 -3 3 18
7 -3 18 0 0 39
18 -6 28 -3 14 46
28 -12 72 -6 36 57
24 12 19 -12 -6 84
6 -3 34 -3 8 34
2 -1 7 0 0 39
8 -4 28 4 -2 41
2 0 26 -1 -13 46
2 0 12 -1 -6 10
5 -1 5 2 2 28
5 0 6 0 -3 9
4 2 7 -2 -1 31
4 0 6 2 -3 10
3 0 7 0 2 7
2 0 3 -1 0 23
7 2 7 0 0 15
5 -1 5 -2 -2 92
2 0 12 -1 -6 26
10 0 18 -5 -9 22
14 -7 26 4 -2 44
25 -5 25 -10 -10 28
21 3 29 -9 13 101
14 2 11 7 1 26
2 0 15 -1 0 23
10 5 10 -4 -5 10
12 6 13 6 3 21
8 -4 17 4 -2 92
21 0 40 -6 -20 76
2 -1 38 -1 -7 38
10 5 34 5 -2 46
10 0 21 -5 3 19
6 -3 14 3 -4 14
2 -1 6 -1 1 6
2 0 10 -1 -5 18
6 1 6 2 2 44
18 3 18 9 9 22
11 1 11 -5 5 35
5 1 5 -2 2 12
8 -4 12 -4 2 17
21 -1 21 -9 9 21
7 -2 52 2 8 52
7 -1 13 -1 -2 13
2 -1 3 0 0 15
6 -1 6 1 -1 11
1 0 5 0 0 5
2 0 2 -1 1 6
4 0 4 2 2 7
4 -2 11 2 -1 11
7 3 15 -3 1 15
11 4 16 -2 -8 44
16 4 31 -4 -11 71
8 -4 7 -4 2 52
4 0 20 -2 -10 31
4 -2 6 -2 1 6
2 1 6 0 2 8
6 -1 6 3 -3 14
6 2 14 -1 3 26
2 0 20 -1 -10 18
4 -2 6 2 -1 26
2 0 5 -1 0 13
1 0 5 0 0 25
1 0 1 0 0 12
1 0 3 0 0 4
2 0 2 -1 1 4
3 0 4 0 0 4
1 0 4 0 0 12
4 0 4 2 2 5
1 0 3 0 0 3
1 0 3 0 0 12
3 0 4 0 0 12
3 0 3 0 0 4
4 2 7 -2 -1 7
4 -1 4 -2 -1 4
1 0 12 0 0 12
2 0 3 -1 0 5
1 0 3 0 0 9
4 0 12 2 6 13
1 0 9 0 0 12
3 0 4 0 0 36
4 -2 4 -1 2 10
4 1 10 0 -3 12
16 -4 13 4 -1 37
5 2 8 0 0 12
3 0 8 0 -4 20
2 -1 5 0 0 12
3 0 5 0 -2 8
2 -1 8 -1 2 8
5 -1 5 -2 -2 20
5 -2 8 -1 4 14
12 6 23 0 -8 32
4 2 13 0 0 48
7 -1 7 0 0 16
4 -1 4 -1 1 10
2 1 4 -1 -2 8
7 -3 15 2 6 28
5 1 13 1 -3 13
3 0 7 0 -1 7
1 0 4 0 -2 13
2 -1 3 0 0 5
1 0 8 0 4 12
2 -1 4 1 -2 4
3 -1 3 -1 -1 11
1 0 3 0 1 7
2 1 3 0 0 4
3 0 4 -1 0 7
3 -1 7 0 0 20
2 -1 3 0 0 20
3 1 6 1 -2 6
3 -1 7 -1 -3 22
3 0 5 1 0 7
8 -4 7 -4 2 12
2 -1 8 -1 3 8
5 0 8 0 -4 12
4 2 13 -2 -5 29
20 10 17 10 1 33
2 1 2 0 0 8
2 1 4 1 0 4
1 0 4 0 2 4
4 -2 10 -1 5 16
5 2 8 -1 -4 29
10 3 18 -4 6 16
9 3 17 3 -7 113
4 2 5 -2 -1 13
1 0 16 0 8 16
3 0 4 0 -2 4
7 -1 7 3 3 15
3 0 16 0 -8 16
5 1 5 -1 1 5
4 -1 4 -1 1 4
5 2 20 -2 4 20
9 -3 17 3 7 17
4 -2 7 0 3 15
16 8 19 -8 2 28
2 1 8 0 -3 12
2 1 14 -1 4 26
4 -1 4 -2 2 16
6 -3 6 3 0 10
2 0 6 -1 3 8
2 -1 2 0 0 24
3 -1 3 -1 -1 7
2 1 3 -1 -1 3
1 0 8 0 4 8
2 1 2 0 0 4
2 -1 2 0 0 3
2 0 9 -1 0 14
8 0 9 -4 0 56
2 -1 14 0 0 36
5 -1 5 -2 -2 8
2 -1 2 0 0 12
2 -1 5 -1 -1 5
3 0 8 0 -4 8
2 -1 2 0 0 9
1 0 6 0 -3 6
4 2 7 2 1 19
1 0 24 0 -12 24
4 2 7 -2 2 7
4 0 6 0 -3 6
2 0 3 -1 0 14
3 0 8 0 -4 56
2 0 12 -1 0 14
7 -3 15 1 3 19
7 2 7 1 -1 10
7 3 6 -3 -3 15
16 -4 19 8 -2 28
7 -3 15 2 6 76
8 -4 8 4 -2 11
2 -1 2 0 0 36
8 -4 8 0 0 9
2 0 6 -1 3 11
8 2 11 -2 -5 23
2 -1 11 1 -5 23
6 0 8 -3 -2 11
11 3 27 4 -12 32
15 -3 23 3 -7 23
5 2 8 1 -2 17
2 -1 5 -1 2 17
5 -2 5 2 -2 8
2 1 3 0 -1 10
3 0 3 1 1 6
3 1 7 -1 -3 11
9 -3 17 3 -1 17
5 -2 20 1 -10 29
7 2 12 2 -4 12
3 1 11 1 -5 27
1 0 8 0 4 72
2 0 4 1 0 18
7 0 6 0 1 6
2 -1 18 0 0 35
7 0 24 0 4 24
6 1 6 0 0 28
2 -1 18 0 0 140
6 1 6 0 0 20
8 0 35 -4 0 72
5 0 24 0 4 24
1 0 8 0 4 24
2 0 4 1 0 6
2 -1 6 0 0 11
2 -1 6 0 0 44
8 0 11 -4 0 24
5 -1 5 0 0 8
3 0 8 0 0 8
8 4 7 -4 -3 7
1 0 4 0 0 6
1 0 6 0 0 6
4 2 7 0 0 24
2 0 3 0 0 12
2 0 3 0 0 3
4 2 13 -2 -1 13
1 0 24 0 0 24
3 0 4 0 -2 10
2 0 3 0 0 18
1 0 6 0 0 9
8 0 12 4 6 23
3 0 8 0 0 72
23 -8 32 -11 8 47
4 -2 7 2 -1 10
1 0 9 0 0 24
7 1 10 3 -3 15
12 6 13 0 -4 16
3 0 16 0 -8 40
6 0 5 0 2 8
2 -1 5 0 0 6
7 -1 7 3 3 39
2 -1 5 0 0 24
5 -1 8 -2 4 8
2 -1 11 1 1 11
5 2 8 0 0 24
8 -2 11 -2 -1 11
15 -3 23 -6 -2 44
11 -4 32 -2 -8 44
8 -2 11 -4 4 44
11 -3 15 1 3 23
7 -1 7 2 -2 10
3 0 10 0 4 16
5 0 24 -1 0 29
9 3 17 0 0 24
11 1 11 4 -4 32
15 -3 15 -6 6 20
6 0 5 0 -1 29
6 0 9 0 3 17
13 3 21 -2 -6 28
7 -2 28 -3 -6 39
9 3 11 -3 1 11
5 2 14 -2 -2 14
15 6 20 0 8 56
7 -2 10 -2 4 28
7 -1 13 -3 3 21
11 -5 35 2 -14 44
16 4 13 8 2 52
7 1 23 1 -9 23
5 -1 5 0 0 12
5 -2 5 2 1 5
3 0 8 0 0 12
3 0 5 0 -1 5
3 0 3 0 0 8
1 0 1 0 0 24
5 0 12 -2 0 20
1 0 4 0 -2 7
4 0 7 0 3 15
1 0 4 0 0 24
5 -2 5 1 -1 14
5 1 17 -1 7 17
2 0 2 -1 -1 7
8 0 8 2 -2 7
2 0 8 -1 -2 7
11 -1 19 -4 -4 32
17 -2 20 3 -6 57
20 10 17 -4 -2 20
5 -2 20 0 0 48
4 0 4 -2 0 7
7 -3 15 0 0 16
11 -3 11 4 -4 16
4 0 6 2 0 7
1 0 6 0 0 24
5 -1 5 0 0 48
8 0 12 4 6 17
3 0 8 0 0 48
8 0 12 0 6 15
4 2 5 0 0 24
1 0 16 0 0 24
17 -8 32 -5 8 41
4 -2 11 -2 3 11
11 4 16 -5 4 43
4 -2 7 0 0 16
2 0 3 0 0 48
2 0 12 0 6 15
2 0 3 0 0 8
4 2 5 0 0 6
1 0 6 0 0 16
5 -1 13 0 0 24
11 -1 11 -4 -4 16
8 -4 17 -4 5 41
8 0 15 0 -3 39
7 3 15 0 0 24
3 0 8 0 4 14
16 -4 13 4 -1 13
5 -1 5 2 2 14
2 0 5 0 1 5
8 4 7 0 2 20
1 0 10 0 2 10
5 0 8 2 0 20
4 2 5 2 1 7
7 3 15 -2 6 20
5 -1 13 2 6 28
5 0 8 -1 4 7
5 -1 7 -1 -3 13
7 -2 20 -1 -2 23
7 -2 10 -2 -2 10
13 -3 21 5 -3 37
5 -2 14 -2 -4 20
15 6 20 6 4 20
5 -2 20 1 -10 53
4 2 11 0 4 40
2 0 5 0 2 20
6 0 7 0 3 15
12 6 17 6 9 33
8 4 7 0 2 12
3 0 8 -1 0 19
3 1 5 0 0 14
12 6 17 4 2 20
3 -1 5 0 0 7
5 2 12 0 0 56
3 0 7 1 0 19
5 -1 10 -1 -4 10
3 0 4 1 -2 6
1 0 5 0 2 12
1 0 5 0 0 10
3 1 3 -1 1 6
1 0 5 0 0 8
1 0 5 0 0 40
4 -2 6 -2 1 11
3 -1 6 -1 3 11
6 -1 11 2 3 14
2 0 5 0 0 10
8 4 17 -4 -7 17
5 0 8 0 0 40
1 0 8 0 0 40
4 0 8 -2 -4 13
17 8 32 3 -8 57
16 4 13 4 5 29
3 -1 3 0 0 4
1 0 1 0 0 8
2 -1 3 0 1 2
1 0 2 0 0 2
1 0 3 0 -1 3
1 0 4 0 0 8
3 0 4 1 0 11
3 -1 3 0 0 8
1 0 8 0 0 8
1 0 2 0 0 4
4 2 5 -2 -1 5
5 -1 13 2 6 20
4 2 5 0 0 8
1 0 8 0 0 16
3 -1 3 0 0 16
1 0 2 0 0 8
4 2 7 -2 -3 7
2 0 3 0 -1 3
5 -1 5 -2 2 12
1 0 6 0 -2 6
3 0 8 1 0 11
3 -1 3 -1 -1 5
3 -1 5 1 -1 5
3 1 11 1 -5 19
5 -2 12 -2 -4 12
3 1 5 0 -2 10
5 -2 12 -2 4 20
4 2 7 2 3 23
2 0 3 0 1 11
7 -3 15 1 -5 23
1 0 2 0 0 16
2 0 4 0 2 5
8 4 7 -4 -3 15
5 0 8 1 0 13
2 -1 3 1 -1 7
3 1 7 -1 1 7
7 2 12 2 -4 28
7 -1 7 -2 -2 12
3 1 11 0 0 16
1 0 1 0 0 4
1 0 4 0 0 4
2 1 2 -1 0 2
3 -1 3 -1 -1 3
2 -1 5 0 0 9
1 0 1 0 0 9
1 0 2 0 -1 5
1 0 9 0 0 9
4 2 10 -2 -1 10
4 2 19 -2 -1 19
16 4 19 8 2 76
10 -1 10 -4 4 16
3 -1 3 1 1 19
2 0 4 1 2 6
2 0 2 -1 1 10
4 0 4 2 2 11
11 -4 16 4 0 16
2 0 8 -1 -2 10
8 4 11 -4 -2 20
2 -1 14 1 4 14
3 1 11 1 -5 11
2 1 2 -1 -1 6
4 2 5 0 0 16
1 0 5 0 2 4
3 1 7 -1 -3 7
2 1 2 1 0 10
2 1 3 0 1 6
5 -1 5 1 -1 5
3 -1 5 -1 -2 5
2 0 5 -1 -1 7
7 2 7 -1 1 13
10 3 18 -3 -9 18
13 -2 28 2 8 28
10 2 13 -5 -1 34
19 3 27 8 -12 136
10 -5 34 4 -2 52
5 0 8 -2 -4 28
2 -1 10 -1 2 14
5 -1 10 -1 3 10
10 3 10 -2 -2 20
20 10 19 6 3 27
6 1 6 -1 1 6
3 1 19 1 -9 19
5 -2 12 1 -6 17
5 -2 5 1 1 10
3 1 5 1 -2 26
2 -1 11 -1 4 18
2 -1 18 0 7 42
8 0 21 -4 7 37
5 2 12 1 6 101
6 -2 10 3 -1 26
5 1 10 1 3 17
3 -1 6 1 -1 7
20 2 17 -6 5 41
7 -2 12 1 2 23
5 -2 10 1 -5 14
5 0 8 2 4 12
2 -1 6 1 2 10
10 -5 14 -4 2 20
11 5 19 3 -7 51
1 0 4 0 2 8
2 1 6 1 2 6
2 0 14 -1 7 18
4 2 5 -2 -1 29
4 0 7 -2 0 8
11 -3 11 -4 -4 32
// dimension 4: 481 lattices
2 0 2 0 0 2 1 1 1 4
1 0 1 0 0 2 0 0 0 6
2 1 3 1 0 3 0 1 1 6
2 1 3 1 0 3 1 1 0 3
1 0 2 0 0 3 0 0 1 5
1 0 1 0 0 1 0 0 0 2
2 1 2 0 0 6 0 0 3 12
2 1 2 0 0 2 0 0 1 4
2 1 2 1 0 2 0 1 0 6
2 1 2 0 0 4 0 0 1 4
2 1 2 0 0 2 0 0 1 8
4 1 4 1 1 4 1 1 1 4
2 0 2 1 0 4 1 1 0 6
4 1 4 0 0 6 2 2 3 10
2 1 2 0 0 2 1 0 1 2
2 1 2 1 0 2 0 1 0 4
2 1 2 1 0 2 1 0 0 6
2 0 2 1 1 4 1 1 1 4
2 1 4 0 2 4 0 1 2 6
2 0 2 0 0 2 1 1 1 2
2 1 2 0 0 4 0 0 2 4
2 0 2 1 1 6 1 1 1 6
2 0 4 1 0 6 0 2 0 12
2 1 2 0 0 2 0 0 0 6
4 2 4 0 0 6 2 1 3 10
2 1 8 1 -2 8 1 3 3 18
2 1 4 0 2 4 0 1 2 4
2 1 2 1 0 4 0 1 1 4
2 1 2 0 0 2 0 0 1 2
2 0 2 1 1 4 1 0 2 4
4 2 4 1 -1 4 1 2 1 10
2 1 2 1 0 4 1 1 2 4
2 0 2 1 0 4 0 1 0 4
2 1 4 0 1 4 1 1 2 8
2 1 2 0 0 2 1 0 1 4
1 0 1 0 0 3 0 0 0 3
1 0 2 0 1 3 0 0 0 5
1 0 3 0 0 6 0 0 3 9
1 0 1 0 0 1 0 0 0 1
1 0 2 0 1 2 0 0 0 3
1 0 2 0 0 3 0 1 0 3
1 0 2 0 1 2 0 1 0 3
1 0 1 0 0 1 0 0 0 5
1 0 1 0 0 2 0 0 1 2
1 0 3 0 1 3 0 1 1 3
1 0 1 0 0 2 0 0 1 3
1 0 1 0 0 1 0 0 0 3
2 1 2 0 0 6 0 0 0 6
2 1 2 1 0 2 1 0 0 4
1 0 2 0 0 2 0 0 0 3
2 1 2 0 0 2 1 0 0 4
1 0 1 0 0 2 0 0 0 3
2 0 2 0 0 2 1 0 0 2
4 2 4 1 -1 4 -1 1 -1 4
1 0 1 0 0 2 0 0 0 2
1 0 2 0 0 2 0 0 0 6
2 1 8 -1 2 8 -1 2 -2 8
4 2 6 -2 -1 6 -2 -1 1 6
2 0 3 0 0 3 0 0 0 6
1 0 3 0 0 6 0 0 0 6
2 0 3 0 0 6 0 0 0 12
1 0 2 0 0 4 0 0 0 6
4 -2 6 0 0 10 2 -1 5 11
2 -1 5 1 -2 5 1 -2 -1 17
10 0 12 5 -6 13 0 -6 3 18
6 3 14 -3 -4 14 0 5 5 20
12 6 13 6 8 28 -6 2 -8 28
5 1 5 2 -2 8 -1 1 -4 17
4 -2 11 0 5 15 0 5 5 15
3 1 3 -1 1 7 -1 -1 -3 7
6 3 5 2 1 10 -2 -1 4 10
6 -1 6 -1 -1 6 2 2 2 10
5 2 12 2 -2 12 2 -2 -2 12
3 1 3 1 1 3 1 -1 -1 7
3 1 5 0 0 7 0 0 0 14
1 0 1 0 0 3 0 0 1 3
1 0 1 0 0 4 0 0 0 8
1 0 2 0 0 2 0 0 0 2
1 0 3 0 1 3 0 0 0 4
3 -1 3 0 0 4 0 0 0 4
1 0 1 0 0 1 0 0 0 8
2 0 2 1 -1 4 -1 1 0 4
1 0 2 0 -1 3 0 0 -1 2
1 0 4 0 0 4 0 0 0 8
2 -1 3 0 1 2 0 0 0 4
2 1 2 -1 0 2 -1 -1 1 3
3 -1 3 -1 -1 3 0 0 0 8
4 0 4 2 2 5 -2 -2 -3 5
2 1 2 -1 0 2 0 0 0 8
5 1 13 1 -3 13 -1 3 3 13
2 1 2 -1 0 3 0 0 1 5
2 -1 3 0 -1 6 0 1 2 6
3 -1 7 1 -3 7 -1 3 1 7
5 -1 5 1 -1 5 1 -1 1 5
2 -1 2 -1 1 6 1 0 -3 10
7 2 12 1 -2 23 1 -2 -9 23
3 -1 6 -1 -2 6 1 -1 -1 7
3 0 4 -1 0 7 1 0 1 7
2 1 4 -1 -2 4 -1 -2 0 8
3 -1 3 1 1 11 0 0 -4 8
2 -1 3 0 0 4 1 -1 0 7
7 -1 7 -2 -2 12 0 0 0 16
1 0 2 0 0 4 0 0 0 4
3 -1 3 0 0 8 0 0 0 8
1 0 1 0 0 2 0 0 0 4
4 2 5 -2 -1 5 0 0 0 8
1 0 8 0 0 8 0 0 0 8
2 0 3 0 -1 3 0 -1 -1 3
4 2 7 -2 -3 7 -2 -3 -1 7
2 0 2 0 1 2 0 -1 0 2
3 -1 3 1 1 3 1 1 1 3
2 -1 4 1 0 4 0 -1 1 6
1 0 4 0 2 4 0 -2 0 4
2 1 2 -1 -1 6 0 0 0 8
4 2 5 2 1 13 -2 -1 -5 13
2 0 2 0 -1 2 0 1 -1 6
3 -1 11 -1 -5 11 -1 3 3 11
7 -1 7 -1 -1 7 -1 -1 -1 7
2 1 2 -1 -1 4 -1 0 1 4
3 -1 3 -1 1 3 -1 1 1 7
7 3 15 1 5 23 1 5 -9 23
3 -1 3 1 1 5 -1 -1 -1 5
3 0 8 1 0 11 1 0 -5 11
5 -1 5 -2 2 12 -2 2 -4 12
1 0 6 0 -2 6 0 -2 -2 6
4 2 7 2 3 23 2 3 -9 23
2 0 3 0 -1 11 0 -1 -5 11
5 2 12 2 -4 12 -2 -4 -4 20
3 -1 5 1 -1 5 0 2 2 10
1 0 2 0 0 2 0 0 0 8
2 0 2 0 0 3 0 0 -1 3
3 -1 3 -1 -1 6 0 0 -2 4
1 0 5 0 -2 4 0 0 0 8
5 -1 5 0 0 8 -2 2 0 12
8 4 7 -4 -3 7 0 -2 2 12
3 0 8 0 0 8 1 0 0 11
1 0 3 0 1 3 0 1 -1 5
2 0 3 0 1 5 0 1 1 5
3 0 4 -1 2 6 0 -2 -3 11
8 4 7 0 2 12 0 2 4 20
1 0 2 0 0 5 0 0 -2 4
1 0 2 0 0 8 0 0 0 8
4 2 7 -2 -3 7 0 0 0 16
2 0 3 0 -1 3 0 0 0 8
4 2 5 0 0 8 0 0 0 16
2 0 4 0 2 5 0 -2 -1 5
5 0 8 -1 0 13 -2 0 -6 20
4 -2 5 -2 1 7 2 -1 -3 7
8 4 7 -4 -3 15 0 2 6 20
7 3 15 2 -6 20 1 5 -2 23
5 1 7 -1 -3 7 1 -3 3 13
2 0 4 0 2 5 0 0 0 16
3 0 4 0 0 4 -1 0 0 11
4 0 4 2 2 5 -2 -2 -3 13
6 0 14 0 -7 14 -3 0 0 12
2 -1 4 0 0 14 0 0 -7 14
6 -1 6 1 1 6 1 1 -1 6
4 -1 16 -1 -5 16 1 5 5 16
12 0 14 3 -7 20 -6 7 -5 38
12 6 10 -3 -5 34 3 -2 1 34
6 -1 6 -2 -2 10 -1 -1 5 34
10 -3 10 4 3 10 5 2 2 20
2 0 2 -1 1 10 0 -1 -5 8
2 0 4 -1 -2 6 -1 1 0 6
4 -1 10 2 -5 10 -2 -4 -1 10
2 -1 8 0 3 12 0 -3 -3 12
2 -1 8 0 0 10 0 0 -5 10
4 -1 4 -1 1 4 -2 -1 2 10
6 -3 14 -3 4 14 -3 -1 4 14
2 -1 8 0 -3 12 -1 2 -6 26
10 0 18 -5 -9 22 -5 0 10 40
4 -1 4 0 0 10 0 0 -5 10
12 -3 12 0 0 10 0 0 -5 10
2 -1 8 0 0 30 0 0 -15 30
4 1 4 0 0 6 0 0 -3 6
6 3 14 0 5 20 -3 1 10 74
4 2 10 -1 -5 10 -1 4 -2 16
2 -1 2 0 0 6 0 0 -3 24
10 5 14 -4 -2 20 4 2 3 20
14 2 20 -6 9 42 -7 -1 3 38
2 -1 4 -1 0 4 -1 0 0 4
2 1 2 1 1 6 -1 0 1 6
4 -1 4 -1 -1 4 -1 -1 -1 4
4 -2 10 2 -1 10 -1 -4 -5 16
2 0 2 0 -1 4 -1 0 -1 4
4 -2 6 -2 1 6 1 2 2 14
14 -4 14 -2 7 26 7 -2 -1 26
4 -1 4 1 1 14 1 1 -6 14
6 -1 6 1 -1 6 -3 3 2 14
4 -2 6 -1 -2 14 1 -3 1 14
2 -1 8 -1 3 18 -1 3 -7 18
2 0 2 -1 1 6 -1 0 3 8
2 -1 2 -1 1 4 1 -1 1 14
4 1 10 1 -3 10 1 -3 -3 10
2 1 8 0 -3 6 0 3 0 6
4 2 4 2 1 4 -2 -1 -1 10
2 -1 2 1 0 6 -1 1 -3 6
2 0 4 1 2 6 0 -2 -1 10
2 -1 14 -1 -4 14 -1 -4 -4 14
2 0 2 0 0 2 1 -1 1 6
2 0 2 -1 -1 10 -1 -1 1 10
2 -1 2 -1 1 2 -1 1 0 10
4 -2 10 2 -1 10 -2 1 -1 10
6 -3 6 0 0 4 0 0 2 4
2 -1 2 0 0 12 0 0 6 12
6 -3 6 0 0 4 0 0 -2 28
2 0 12 0 -6 12 -1 0 0 14
4 2 6 2 1 6 -2 -1 -1 26
2 0 10 0 0 10 -1 -5 -5 18
1 0 4 0 2 4 0 0 0 12
4 2 4 0 0 3 0 0 0 4
1 0 3 0 0 4 0 0 -2 4
4 -1 4 -1 1 4 0 0 0 6
3 0 5 0 -1 5 0 -1 -1 5
5 -1 5 1 1 5 0 0 0 12
3 0 8 0 -2 8 0 -2 2 8
4 -1 10 -2 5 10 0 3 0 12
8 -2 11 -2 -1 11 0 -3 3 15
5 -1 8 -2 4 8 0 -3 0 15
5 2 8 -1 -4 17 0 0 6 24
2 -1 4 1 0 4 1 -2 2 8
2 1 2 0 0 8 0 0 4 8
4 -2 10 -1 5 16 -1 -4 -2 16
2 -1 2 0 0 6 0 0 3 6
4 1 4 2 -1 4 -2 1 -1 4
4 -1 4 -1 1 10 1 -1 2 10
6 -3 6 3 -3 10 3 0 5 10
2 -1 8 -1 -1 8 1 -2 -2 8
4 2 4 -1 -2 10 -2 -1 -4 10
2 0 2 -1 -1 4 -1 0 2 8
2 1 10 0 -4 8 -1 4 0 14
10 -5 10 -2 4 16 -4 2 8 16
4 -1 4 1 -1 4 2 1 2 16
10 3 18 -4 6 16 2 -3 -8 58
2 -1 6 1 1 6 1 0 1 10
4 1 14 -2 -6 12 -2 5 1 12
14 3 14 2 2 16 -1 -1 -8 26
12 6 14 3 -4 20 -3 -7 2 20
14 1 26 1 -7 26 6 -9 -9 78
6 0 10 -3 1 10 0 -2 1 10
2 -1 8 -1 3 8 -1 3 3 8
4 -1 4 1 1 4 1 1 -1 14
2 -1 6 1 -2 6 0 2 2 16
6 1 6 2 -2 10 -2 2 -3 10
6 -2 12 2 5 12 -3 1 -1 10
2 0 3 0 0 3 -1 0 0 5
1 0 3 0 0 3 0 0 0 9
3 0 4 0 2 7 0 2 1 31
4 0 6 2 -3 10 0 0 0 12
5 0 6 0 -3 9 0 0 0 15
6 3 14 -3 -4 14 0 0 0 60
11 -1 11 0 0 15 -5 -5 0 35
2 -1 3 0 0 5 0 0 0 15
5 0 8 0 -4 12 0 4 -2 17
2 0 10 -1 -5 18 0 0 0 20
2 0 4 -1 0 6 -1 0 0 6
1 0 5 0 -1 5 0 -2 -2 12
1 0 4 0 0 4 0 0 0 4
3 -1 3 -1 -1 3 0 0 0 4
1 0 1 0 0 4 0 0 0 4
1 0 2 0 1 2 0 -1 0 2
2 1 3 0 -1 2 1 1 -1 3
1 0 3 0 1 3 0 1 -1 3
1 0 1 0 0 1 0 0 0 4
2 1 2 -1 0 2 0 0 0 4
1 0 1 0 0 2 0 0 -1 5
2 -1 5 0 0 9 0 0 0 9
4 0 4 0 0 4 2 2 2 7
3 -1 3 -1 -1 3 0 0 0 16
7 3 15 -3 1 15 3 -1 1 15
3 0 4 -1 0 11 -1 0 -5 11
3 1 7 -1 1 7 1 3 -3 11
2 1 3 1 1 7 0 1 -3 10
3 0 3 -1 -1 6 1 -1 0 6
4 2 5 2 1 5 2 1 1 5
3 -1 3 1 1 7 -1 -1 -3 7
2 -1 3 1 -1 3 0 -1 1 6
2 1 2 1 0 3 -1 0 -1 3
1 0 2 0 1 2 0 -1 0 6
2 1 2 0 0 4 1 0 0 6
1 0 8 0 4 8 0 -4 0 8
3 -1 7 1 -3 7 1 -3 3 11
5 1 5 1 1 5 -2 2 -2 12
7 2 12 2 -4 12 1 -2 -2 23
3 1 11 1 -5 11 0 0 0 16
7 -1 7 2 2 12 2 2 -4 12
2 1 2 0 0 3 0 0 0 9
1 0 3 0 0 6 0 0 -3 6
2 0 3 0 0 9 -1 0 0 14
2 -1 4 1 -2 4 0 -1 1 6
3 -1 3 0 0 3 1 1 -1 6
1 0 5 0 -1 5 0 1 -1 5
2 1 2 0 0 4 -1 0 0 10
3 -1 5 1 2 5 0 0 0 7
6 -3 12 -2 1 10 -3 -2 1 12
6 1 6 -1 1 6 0 0 0 28
3 0 7 1 0 19 -1 0 9 19
5 -1 10 -1 -4 10 -1 3 3 17
1 0 5 0 0 5 0 0 0 5
3 -1 3 0 0 4 1 1 0 7
1 0 4 0 0 8 0 0 4 8
1 0 3 0 1 3 0 1 -1 7
1 0 2 0 -1 3 0 1 -1 3
2 1 3 -1 -1 3 0 0 0 4
1 0 2 0 1 2 0 0 0 4
2 1 4 1 2 4 -1 -2 0 4
2 -1 3 0 1 2 -1 1 1 7
2 1 2 0 0 4 0 0 0 4
1 0 1 0 0 8 0 0 4 8
2 -1 2 0 0 3 0 0 0 3
3 0 8 0 -4 8 0 0 0 12
2 0 3 1 0 5 1 0 2 5
5 -2 5 2 1 5 -2 2 -2 8
2 -1 5 1 1 5 0 0 0 12
2 -1 2 0 0 12 0 0 0 12
2 -1 8 0 -3 6 -1 2 -3 8
3 0 5 0 -1 5 0 -2 -2 8
5 -1 5 -2 -2 8 0 0 0 12
2 -1 2 0 0 3 0 0 0 12
3 0 3 0 0 8 0 0 -4 8
3 0 8 0 -4 8 0 0 0 48
8 -4 8 0 0 12 0 0 6 15
4 2 5 0 0 8 0 0 -4 8
1 0 8 0 -4 8 0 0 0 16
5 2 8 0 0 12 -1 2 0 17
8 0 9 0 -3 9 4 3 3 17
5 -1 5 2 2 20 2 2 8 20
4 -2 7 2 -3 7 -2 1 -1 7
3 -1 3 -1 -1 11 -1 -1 3 11
3 0 4 1 0 7 -1 0 -3 11
3 0 5 -1 0 7 -1 0 -3 7
4 -1 4 -1 -1 4 0 0 0 10
5 0 8 0 -2 8 0 -2 -2 8
3 -1 7 -1 -3 7 0 0 0 20
3 1 3 1 1 3 0 0 0 4
1 0 4 0 2 4 0 2 2 8
2 1 3 0 0 5 0 0 0 5
1 0 5 0 -2 4 0 -2 0 4
2 0 2 -1 1 4 0 0 0 4
2 1 2 -1 0 2 0 0 0 12
3 1 3 1 -1 3 0 0 0 3
1 0 3 0 0 3 0 0 0 3
1 0 9 0 3 9 0 -3 3 9
3 0 4 0 2 7 0 2 1 7
4 0 6 0 3 6 0 -3 0 6
4 -1 4 -2 -1 4 0 0 0 12
2 0 3 -1 0 5 0 0 0 9
1 0 3 0 0 9 0 0 0 9
1 0 2 0 0 3 0 -1 0 5
1 0 1 0 0 3 0 0 0 9
3 0 4 0 0 4 0 -2 2 11
2 0 2 -1 1 10 0 0 0 12
2 0 4 1 2 6 0 0 0 12
3 -1 3 0 0 3 -1 -1 0 19
4 2 10 -2 -1 10 0 0 0 12
3 0 4 0 -2 19 0 -2 1 19
3 0 8 0 4 11 0 -4 -2 20
2 0 12 -1 0 14 1 0 4 14
4 2 4 0 0 3 0 0 0 12
4 2 4 0 0 3 0 0 0 3
1 0 1 0 0 4 0 0 -2 4
1 0 4 0 -2 4 0 0 0 4
2 1 2 1 1 6 -1 0 -3 14
2 1 4 0 -1 6 0 -1 -2 6
3 -1 3 -1 1 3 1 -1 -1 3
2 -1 3 0 1 2 0 -1 0 2
2 1 3 1 1 7 1 1 -1 7
3 -1 7 -1 -1 7 1 1 1 7
3 0 3 -1 1 6 1 -1 2 6
2 -1 5 -1 2 5 1 -2 1 5
5 -2 5 2 -2 8 -1 1 -4 14
5 -2 8 -1 -2 17 -1 -2 -7 17
2 1 5 -1 1 17 1 -1 7 17
2 1 3 -1 -1 3 0 1 1 10
4 0 6 -2 -3 7 2 0 -1 10
2 0 2 -1 -1 7 -1 -1 -2 7
2 0 6 -1 -3 11 -1 -3 2 11
8 -2 11 -2 5 23 -4 4 -8 44
6 0 8 3 -2 11 0 -4 1 38
4 -2 4 -1 -1 10 1 1 -1 10
8 -4 8 4 -2 11 2 -4 1 11
10 1 10 -2 -2 16 -4 -4 8 16
11 -3 27 -4 -12 32 2 6 -16 44
15 3 23 3 7 23 -6 10 2 44
4 0 12 1 3 10 -1 -3 -1 10
8 4 11 -2 -1 11 2 1 -5 23
8 2 11 0 -3 15 0 -3 -3 15
8 0 8 -2 -2 7 2 2 -1 19
8 2 7 0 3 6 0 2 0 8
2 0 2 -1 1 4 -1 -1 0 10
4 0 4 -2 2 8 -2 0 4 7
2 -1 10 0 -2 8 0 1 -4 14
11 -3 11 -4 4 16 -1 1 4 19
7 3 15 0 0 16 1 -3 8 23
2 1 4 1 2 8 -1 0 -2 10
4 2 8 0 2 7 2 2 -1 11
4 2 8 -2 -4 7 2 4 -4 16
2 1 8 1 2 8 0 -3 3 12
4 2 7 2 -2 16 2 4 4 16
2 0 4 0 2 4 -1 1 2 6
3 -1 3 -1 -1 7 -1 1 3 11
3 1 11 -1 -3 11 1 3 -3 11
7 -1 7 1 1 7 -2 -2 2 12
2 -1 2 -1 0 4 -1 0 2 6
5 1 5 1 -1 5 -1 1 1 5
9 -3 17 3 7 17 -3 1 -1 17
5 2 20 -2 4 20 2 -4 4 20
4 1 4 1 1 4 2 2 2 10
5 2 8 2 2 8 2 2 2 8
5 -1 5 -1 -1 5 -1 -1 -1 17
4 2 4 0 0 3 -2 -2 -1 7
3 -1 3 -1 1 3 -1 -1 1 11
4 -1 4 -1 1 10 2 1 -5 16
6 3 6 3 0 10 -3 -3 -1 10
1 0 1 0 0 5 0 0 1 5
4 0 4 2 2 5 0 0 0 8
4 0 4 2 2 7 -2 -2 -3 7
2 -1 3 0 1 2 0 0 0 3
2 0 2 -1 -1 6 -1 -1 2 6
1 0 3 0 0 3 0 0 0 6
1 0 6 0 -3 9 0 0 -3 6
2 0 3 0 0 6 0 0 0 6
4 2 7 -2 -1 7 0 0 0 24
4 0 6 0 0 6 -2 3 -3 10
3 0 3 0 0 4 0 0 2 7
4 0 12 2 6 13 -2 -6 -7 13
16 4 13 -4 -1 37 -4 -1 -11 37
7 -3 15 -3 -1 15 -1 5 5 23
12 0 12 6 6 13 -6 -6 -9 21
4 0 4 -2 -2 7 0 0 2 20
4 0 6 2 0 7 -2 0 -1 7
8 0 12 0 6 15 0 -6 -3 15
5 -1 5 0 0 24 0 0 0 24
4 -1 4 -2 -1 4 0 0 0 6
8 -2 8 -4 -2 8 2 -2 2 5
3 0 8 0 -2 8 0 -4 -2 8
6 -3 10 -3 -2 10 0 1 1 10
2 0 2 0 0 2 0 -1 -1 4
3 -1 3 -1 -1 3 1 1 -1 7
2 1 6 -1 -2 6 0 2 -2 8
1 0 4 0 0 4 0 -2 -2 8
4 2 5 0 0 16 2 1 -8 29
2 0 2 0 -1 4 0 -1 2 8
4 -1 4 0 0 6 1 -1 0 10
12 6 15 6 3 23 -6 -3 1 23
2 0 4 -1 -1 4 0 0 1 4
7 2 12 2 -4 12 -2 -4 -4 12
5 -2 20 -1 10 29 1 -10 -5 29
3 -1 3 1 -1 7 0 0 2 8
4 -1 4 -2 -1 10 -2 2 4 10
5 -2 8 2 -2 8 1 -4 4 17
4 -2 7 0 0 8 0 0 0 8
4 2 5 -2 -1 5 0 0 0 24
7 -3 15 0 0 24 -2 -6 0 28
5 -1 5 2 2 14 -2 -2 -2 14
16 4 13 -4 -1 13 8 2 -2 28
2 0 4 0 0 4 0 2 2 5
8 4 7 -4 -3 15 4 3 1 15
5 0 8 -1 0 13 -1 0 -3 13
4 2 5 -2 -1 5 -2 -1 1 7
5 1 13 -2 6 20 2 -6 -4 28
8 -4 7 0 -1 5 4 -2 0 10
7 -2 10 2 2 10 2 -4 4 28
15 -6 20 -6 4 20 0 -8 8 56
4 0 6 2 3 10 -2 -3 -4 22
4 2 7 0 0 24 2 1 -12 31
5 1 5 2 -2 12 0 0 4 8
2 1 6 -1 0 6 0 -2 2 8
1 0 2 0 0 2 0 0 0 4
3 0 3 0 -1 3 -1 0 0 3
3 -1 3 0 0 4 0 0 0 8
1 0 5 0 -2 4 0 1 -2 5
2 -1 3 0 1 2 0 0 0 8
1 0 2 0 0 3 0 0 -1 3
3 -1 3 0 0 8 0 0 0 16
4 2 7 -2 -3 7 0 0 0 8
2 0 3 0 -1 3 0 -1 -1 5
1 0 2 0 0 6 0 0 -2 6
4 2 7 0 0 8 2 3 0 23
3 0 8 1 0 11 1 0 -5 19
8 4 7 0 -2 12 0 -2 -4 12
// dimension 5: 295 lattices
1 0 1 0 0 1 0 0 0 2 0 0 0 1 3
1 0 1 0 0 1 0 0 0 1 0 0 0 0 3
1 0 1 0 0 1 0 0 0 2 0 0 0 1 2
1 0 1 0 0 1 0 0 0 2 0 0 0 0 2
2 -1 8 -1 3 8 -1 3 3 8 1 -3 -3 -3 8
2 1 2 0 0 2 0 0 1 2 0 0 0 0 6
2 0 2 0 0 2 1 1 0 2 0 1 1 0 2
2 0 2 0 0 2 1 1 0 2 0 1 1 0 4
4 2 4 1 -1 4 -1 1 -1 4 1 2 1 2 10
2 0 2 0 0 2 1 0 0 2 0 0 1 1 2
2 0 2 0 0 2 1 1 0 2 0 0 0 1 4
1 0 1 0 0 1 0 0 0 1 0 0 0 0 2
1 0 1 0 0 1 0 0 0 1 0 0 0 0 1
1 0 1 0 0 2 0 0 1 2 0 0 0 0 3
1 0 1 0 0 2 0 0 1 2 0 0 1 0 3
3 1 3 -1 -1 3 1 1 -1 3 1 -1 1 1 7
3 -1 3 1 -1 3 -1 1 -1 3 1 -1 1 -1 3
1 0 2 0 0 2 0 0 0 2 0 1 1 1 3
1 0 1 0 0 1 0 0 0 2 0 0 0 0 3
2 0 2 0 0 2 0 0 0 2 0 1 1 1 2
3 1 3 -1 -1 3 1 -1 1 3 -1 1 -1 -1 7
1 0 2 0 0 2 0 0 0 2 0 0 0 0 6
2 1 2 1 0 2 0 1 0 4 0 0 1 2 4
2 1 2 0 0 2 1 0 1 2 0 0 0 1 4
4 1 4 1 1 4 1 1 1 4 2 2 2 -1 4
2 0 2 0 0 2 1 0 0 2 0 1 0 0 2
4 1 4 1 -1 4 1 -1 -1 4 0 0 0 0 10
2 1 2 -1 0 2 0 0 0 2 -1 -1 1 -1 4
4 0 4 2 2 5 -2 -2 -3 5 -2 -2 -3 1 13
2 -1 3 0 0 5 0 0 0 5 0 0 0 0 5
2 -1 8 1 -3 8 1 -3 3 8 1 2 3 3 8
8 -4 12 4 -2 17 -4 2 -7 17 -4 2 -7 -3 17
2 1 2 1 1 2 -1 0 -1 2 -1 -1 -1 1 4
4 0 4 0 0 4 0 0 0 4 2 2 2 2 7
1 0 3 0 0 3 0 0 0 3 0 0 0 0 3
4 -1 4 -2 -1 4 -1 1 -1 4 -1 1 -1 1 4
4 0 12 2 6 13 -2 -6 -7 13 -2 -6 -7 1 13
2 0 3 -1 0 5 0 0 0 9 0 0 0 0 9
1 0 1 0 0 2 0 0 0 3 0 0 -1 0 5
2 0 2 0 0 2 1 0 -1 4 -1 1 1 -1 6
4 0 4 2 2 7 -2 -2 -3 7 0 0 -2 -2 20
2 -1 8 1 -2 8 0 -3 -3 12 0 3 3 -3 12
8 0 12 -4 0 20 4 6 -2 23 -4 -6 2 -5 23
16 4 13 -4 -1 37 -4 -1 -11 37 -4 -1 -11 -11 37
7 -3 15 3 1 15 3 1 -1 15 -3 -1 1 1 15
4 -1 4 -1 1 4 -1 1 1 4 -2 2 -1 -1 10
2 1 2 1 1 2 -1 -1 -1 4 0 0 0 -1 4
1 0 1 0 0 2 0 0 1 3 0 0 1 1 3
3 -1 3 0 0 4 0 0 0 4 -1 -1 0 0 7
3 -1 3 -1 -1 3 0 0 0 8 0 0 0 4 8
2 1 2 -1 0 2 0 0 0 2 0 0 0 1 2
2 -1 2 0 0 3 0 0 0 3 0 0 0 0 3
2 0 3 0 0 3 -1 0 0 5 -1 0 0 -1 5
5 -1 5 -2 -2 8 0 0 0 12 0 0 0 0 12
8 -4 8 0 0 9 0 0 -3 9 0 0 -3 -3 9
2 -1 2 0 0 6 0 0 3 6 0 0 3 0 6
3 -1 3 0 0 4 0 0 0 4 0 0 0 0 8
1 0 1 0 0 2 0 0 0 2 0 0 0 0 2
4 0 4 2 2 5 -2 -2 -3 5 0 0 0 0 8
4 0 4 0 0 4 2 2 2 7 -2 -2 -2 -3 7
3 -1 3 -1 -1 3 0 0 0 8 0 0 0 0 8
1 0 2 0 0 2 0 0 0 2 0 0 0 0 4
2 0 3 0 -1 3 0 -1 -1 3 0 0 0 0 8
2 0 4 0 0 4 0 2 2 5 0 -2 -2 -3 5
5 0 8 1 0 13 -1 0 3 13 -1 0 3 -3 13
8 4 7 4 3 15 -4 -3 1 15 4 1 5 -5 15
7 3 15 3 -1 15 -3 1 1 15 -1 -5 -5 5 23
1 0 2 0 0 2 0 0 0 4 0 0 0 0 4
2 0 2 0 0 3 0 0 -1 3 0 0 -1 -1 3
1 0 1 0 0 2 0 0 0 2 0 0 0 0 4
2 0 2 0 0 2 0 0 1 2 0 0 1 1 2
3 -1 3 -1 -1 3 1 1 -1 3 0 0 0 0 4
1 0 3 0 -1 3 0 -1 -1 3 0 -1 1 1 3
1 0 4 0 0 4 0 0 2 4 0 0 2 2 4
2 -1 3 0 1 2 1 -1 -1 3 -1 1 1 -1 3
1 0 1 0 0 4 0 0 2 4 0 0 2 2 4
2 0 2 0 0 2 0 0 1 2 0 0 -1 -1 6
2 1 2 0 0 4 -1 -1 -2 4 1 1 2 -2 4
2 -1 3 1 -1 3 1 -1 1 3 0 1 1 1 6
3 -1 3 1 -1 3 -1 -1 1 7 -1 -1 1 -1 7
2 0 2 0 1 2 0 -1 -1 4 0 -1 -1 0 4
3 -1 3 -1 1 3 0 0 0 4 1 -1 -1 0 7
1 0 2 0 0 2 0 0 0 3 0 0 0 -1 3
1 0 2 0 0 3 0 0 -1 3 0 0 -1 -1 5
3 0 8 0 0 8 1 0 0 11 1 0 0 -5 11
5 -1 5 0 0 8 -2 2 0 12 -2 2 0 -4 12
8 4 7 -4 -3 7 0 -2 2 12 0 -2 2 -4 12
4 2 7 -2 -3 7 0 0 0 8 0 0 0 0 16
4 2 11 -2 -6 16 -2 -1 -4 11 -2 -1 -4 1 11
6 3 14 -3 1 14 3 4 -4 14 -3 1 -1 -4 14
12 -6 13 6 -8 28 -6 8 2 28 6 2 8 -8 28
5 -1 5 -1 -1 5 1 1 1 5 1 1 1 -1 17
4 2 4 0 0 4 0 0 2 4 0 0 0 0 3
2 0 2 0 1 2 1 0 0 8 0 0 0 3 6
2 -1 2 0 0 2 0 0 1 4 0 0 -1 -1 4
4 -1 4 1 -1 4 0 0 0 6 -2 -1 -2 3 10
7 1 7 0 0 16 0 0 8 16 -3 3 0 0 15
1 0 4 0 -2 4 0 0 0 4 0 0 0 -2 4
4 2 5 2 1 13 0 0 0 16 0 0 0 -8 16
3 0 4 0 -2 4 0 0 0 12 0 0 0 -6 12
3 0 8 0 -2 8 0 4 2 8 0 -4 4 -2 8
4 -1 4 2 1 4 -2 2 -1 4 0 0 0 0 6
12 6 15 6 3 23 -6 -3 -7 23 6 3 -1 -7 23
2 -1 2 0 0 6 0 0 0 6 0 0 0 -3 6
2 1 2 0 0 2 0 0 1 2 -1 -1 -1 0 4
2 1 4 1 0 4 1 0 0 4 0 1 1 1 6
2 1 2 -1 -1 6 1 1 -2 6 -1 -1 2 -2 6
2 1 2 1 1 2 -1 -1 -1 2 -1 -1 0 1 6
3 -1 3 -1 1 3 -1 -1 1 3 -1 -1 -1 1 3
4 -2 10 -2 1 10 1 -5 4 16 1 -5 4 7 16
8 4 11 -4 -2 20 -4 -2 2 20 -2 -1 -8 10 23
7 -1 7 -1 -1 7 1 1 1 7 -1 -1 -1 1 7
3 1 11 1 -5 11 -1 -3 5 11 -1 -3 -3 -5 11
2 -1 2 1 -1 4 1 -1 0 4 -1 1 0 0 4
5 1 5 1 -1 5 -1 1 1 5 1 -1 -1 1 5
9 -3 17 3 7 17 -3 1 -1 17 3 -1 1 7 17
4 -1 4 1 -1 4 -2 2 -2 10 2 -2 2 2 10
5 2 20 -2 4 20 -2 4 -4 20 2 -4 4 4 20
8 4 8 2 4 11 2 -2 -1 11 -4 -2 -1 -1 11
4 -2 7 0 3 15 0 -3 3 15 0 3 -3 3 15
3 1 3 -1 -1 3 -1 -1 1 3 -1 1 1 -1 11
3 1 3 1 -1 7 -1 -1 3 11 1 1 3 1 11
4 0 4 -2 0 7 0 -2 3 7 2 -2 -1 1 11
3 1 3 1 -1 3 1 1 -1 7 -1 -1 -1 -3 7
12 4 12 4 -4 12 2 2 2 7 6 6 -2 1 23
2 0 2 0 0 2 1 0 -1 4 -1 -1 0 1 4
5 1 5 2 -2 8 2 -2 2 8 -1 1 2 -4 17
4 -2 4 -2 1 4 0 0 0 6 1 -2 1 3 10
2 0 2 0 -1 4 -1 0 1 4 -1 1 -1 1 6
2 0 2 1 -1 4 0 -1 -1 8 0 -1 2 2 8
2 0 4 0 -2 4 -1 -2 1 6 1 -1 -1 0 6
2 1 2 1 1 2 -1 0 -1 4 -1 0 0 2 6
2 1 8 1 -1 8 1 2 2 8 1 -1 -1 2 8
4 2 4 -1 1 10 -1 -2 4 10 1 2 5 -1 10
15 -3 23 3 -7 23 6 10 -2 44 -6 -2 10 -4 44
4 -1 10 -2 5 10 2 4 -1 10 0 3 0 0 12
5 2 8 -2 -2 8 2 2 -2 8 -1 -4 -2 -4 17
5 -1 5 1 1 5 1 1 -1 17 -1 -1 1 7 17
4 -2 4 0 0 3 -2 2 -1 7 -2 2 -1 -1 7
3 -1 3 1 -1 3 1 -1 1 7 1 -1 1 -1 7
4 -1 4 -1 1 4 -1 1 1 4 1 -1 -1 -1 4
6 3 6 3 3 10 -3 -3 2 10 -3 0 -1 1 10
4 -1 4 -1 1 10 -1 1 -2 10 -1 1 -2 -2 10
4 -1 4 2 1 4 2 -2 1 4 -2 2 -1 -1 10
4 1 14 -2 -6 12 -2 5 1 12 2 6 -1 -1 12
8 4 13 -2 -1 17 2 1 5 17 -2 -1 -5 5 17
2 1 2 0 0 2 -1 0 0 4 -1 -1 -1 2 4
1 0 4 0 2 4 0 -2 -2 4 0 2 2 -2 4
4 2 5 -2 -1 13 2 1 -5 13 -2 -1 5 -5 13
5 0 8 0 2 8 0 2 -2 8 0 -2 2 2 8
20 10 17 -10 -9 33 10 9 7 33 -10 -5 5 -5 25
4 1 4 1 -1 4 0 0 0 10 -1 1 1 -5 14
1 0 4 0 2 4 0 -2 -2 4 0 -2 -2 0 8
2 0 4 1 2 4 0 0 1 2 0 0 -1 0 2
3 1 3 1 1 3 -1 -1 -1 3 0 0 0 0 4
1 0 3 0 1 3 0 1 1 3 0 -1 -1 -1 3
3 -1 3 -1 1 3 -1 -1 1 3 1 -1 -1 -1 7
2 -1 3 0 1 2 0 1 0 2 0 0 0 0 4
4 -1 4 -2 2 4 -1 1 2 4 0 0 0 0 6
8 -2 8 -4 4 8 -2 2 4 5 -2 2 4 2 8
2 1 5 -1 -2 5 1 2 1 5 0 0 0 0 3
2 -1 8 0 -3 6 0 3 0 6 0 -3 0 0 6
3 0 5 0 1 5 0 1 -1 5 0 1 -1 -1 5
5 -1 5 1 1 5 1 1 -1 5 0 0 0 0 12
3 0 8 0 -2 8 0 -4 4 8 0 -2 2 4 8
2 -1 5 -1 -1 5 1 1 1 5 0 0 0 0 12
4 -1 4 1 -1 4 0 0 0 6 2 -2 2 0 10
2 -1 2 0 0 2 1 0 0 4 1 -1 0 -1 6
4 2 4 -1 1 4 1 -1 -1 10 -1 1 1 -4 10
4 0 6 0 3 6 0 3 3 6 -2 -3 -3 0 10
2 1 2 1 1 2 1 1 0 6 -1 -1 0 0 6
2 0 2 -1 1 4 1 -1 -1 4 1 -1 0 1 4
5 -1 5 2 2 20 -2 -2 -8 20 2 2 8 4 20
5 2 8 1 -2 17 1 -2 -7 17 0 0 0 0 12
8 0 9 0 3 9 4 3 -3 17 -4 -3 3 -5 17
3 1 3 1 -1 11 0 0 -4 8 0 0 -4 0 8
3 0 4 -1 0 7 1 0 1 7 1 0 1 -1 7
4 -2 7 2 -3 7 -2 -1 -3 7 -2 1 -1 1 7
1 0 2 0 1 2 0 -1 0 2 0 -1 -1 1 3
1 0 2 0 0 2 0 0 0 2 0 0 0 0 2
1 0 1 0 0 1 0 0 0 3 0 0 0 1 3
1 0 1 0 0 2 0 0 -1 3 0 0 0 -1 2
1 0 4 0 0 4 0 2 2 5 0 -2 -2 -3 5
2 1 2 1 1 2 0 0 0 4 0 0 0 0 8
2 0 2 1 -1 4 -1 1 -2 4 0 0 0 0 4
3 -1 3 -1 -1 3 0 0 0 3 0 0 0 -1 3
3 -1 3 0 0 8 0 0 0 8 0 0 0 0 8
4 2 5 -2 -1 5 0 0 0 8 0 0 0 0 8
1 0 2 0 0 3 0 0 -1 3 0 0 -1 -1 3
4 2 7 -2 -3 7 -2 -3 -1 7 0 0 0 0 8
2 0 2 0 1 2 0 1 1 2 0 0 0 0 4
3 -1 3 0 0 4 0 0 2 4 0 0 2 2 4
3 -1 3 -1 -1 3 1 1 -1 3 0 0 0 0 8
7 -1 7 -2 -2 12 3 3 -2 15 -3 -3 2 -7 15
2 0 3 0 -1 3 0 -1 -1 5 0 1 1 -1 5
1 0 2 0 0 6 0 0 -2 6 0 0 -2 -2 6
4 2 7 0 0 8 2 3 0 23 2 3 0 -9 23
8 4 7 0 -2 12 0 -2 -4 12 0 -2 4 4 20
2 0 4 1 2 4 0 0 1 6 0 0 1 -2 6
3 -1 3 0 0 3 1 1 -1 6 -1 -1 1 -2 6
2 -1 2 0 0 4 1 -1 0 6 1 -1 0 -2 10
1 0 1 0 0 2 0 0 1 2 0 0 -1 0 2
1 0 2 0 1 3 0 0 1 2 0 1 1 1 3
1 0 1 0 0 3 0 0 1 3 0 0 -1 1 3
1 0 2 0 1 2 0 -1 0 2 0 0 0 0 4
1 0 4 0 0 4 0 0 0 4 0 0 0 0 4
2 -1 3 0 1 2 1 -1 -1 3 0 0 0 0 4
1 0 1 0 0 1 0 0 0 1 0 0 0 0 4
2 0 2 1 -1 4 -1 1 -2 4 -1 1 -2 0 4
3 -1 3 -1 -1 3 0 0 0 4 0 0 0 0 4
1 0 3 0 -1 3 0 -1 -1 3 0 0 0 0 4
1 0 1 0 0 1 0 0 0 4 0 0 0 0 4
1 0 1 0 0 4 0 0 0 4 0 0 0 0 4
4 0 4 2 2 5 -2 -2 -3 5 -2 -2 -3 1 5
2 1 2 1 1 2 1 1 1 2 -1 0 -1 -1 2
2 1 2 1 0 2 -1 -1 -1 3 -1 -1 -1 1 3
2 1 2 1 1 2 0 0 0 4 0 0 0 0 4
5 -1 5 1 -1 5 -1 1 -1 5 -2 -2 -2 -2 12
3 0 8 -1 4 7 1 4 1 7 0 -4 -4 -4 12
2 1 2 1 1 2 -1 -1 -1 2 -1 -1 -1 1 4
2 1 2 1 1 6 -1 -1 2 6 -1 -1 -2 2 6
2 1 4 1 0 4 1 0 0 4 -1 0 0 0 4
5 1 13 1 -3 13 -1 3 3 13 -1 3 3 -3 13
4 0 4 0 0 4 2 2 2 7 0 0 0 0 16
7 -1 7 -2 -2 12 -2 -2 -4 12 0 0 0 0 16
4 0 4 2 2 5 -2 -2 -3 13 2 2 3 3 13
3 0 4 0 0 4 -1 0 0 11 1 0 0 5 11
3 0 4 -1 0 7 -1 0 -1 7 -1 0 3 3 11
4 2 7 -2 -3 7 2 1 -1 7 -2 -1 1 -3 7
3 -1 3 0 0 8 -1 -1 4 11 -1 -1 4 3 11
3 -1 3 0 0 4 1 1 0 7 -1 -1 0 -3 7
1 0 2 0 1 2 0 -1 0 3 0 -1 0 1 3
2 1 3 -1 -1 3 0 0 0 4 0 1 -1 0 6
2 0 4 1 2 4 -1 -2 -2 4 0 0 1 -1 6
2 -1 3 0 1 2 1 -1 -1 7 -1 1 1 1 7
2 -1 2 0 0 4 0 0 0 4 1 -1 0 0 6
3 -1 3 0 0 3 0 0 -1 3 -1 -1 1 1 6
1 0 4 0 2 5 0 2 1 5 0 2 1 1 5
2 0 2 0 1 2 0 0 0 2 -1 0 0 1 4
4 0 4 2 2 5 0 0 0 8 0 0 0 4 8
1 0 2 0 1 2 0 0 0 3 0 0 0 0 3
2 -1 2 0 0 3 0 0 0 3 0 0 0 0 9
1 0 3 0 0 3 0 0 0 6 0 0 0 3 6
4 -1 4 -2 -1 4 0 0 0 6 0 0 0 3 6
4 2 7 -2 -1 7 0 0 0 24 0 0 0 12 24
8 -4 8 0 0 12 0 0 0 12 0 0 6 6 15
2 -1 2 0 0 6 0 0 0 6 0 0 -3 -3 12
2 1 2 0 0 4 0 0 -1 4 0 0 -2 -1 4
4 0 8 0 4 8 2 0 0 7 -2 0 0 -1 7
4 0 4 2 2 7 -2 -2 -3 7 -2 -2 -3 3 7
2 0 2 0 1 2 0 0 0 2 -1 -1 0 1 4
3 -1 5 1 2 5 0 0 0 7 0 0 0 0 7
6 -1 6 1 1 6 -2 -2 2 10 2 2 -2 -3 10
12 -4 20 4 8 20 6 -2 2 17 -6 2 -2 -3 17
7 -1 7 1 1 7 2 2 -2 12 -2 -2 2 -4 12
5 2 12 -2 2 12 2 -2 2 12 -2 2 -2 2 12
20 -2 17 10 -1 33 -6 -5 -3 41 -6 -5 -3 -15 41
6 1 6 -1 1 6 1 -1 1 6 -1 1 -1 1 6
6 1 6 -2 2 10 2 -2 -3 10 2 -2 -3 3 10
2 0 2 0 -1 2 -1 -1 0 4 0 1 0 -1 4
1 0 3 0 0 3 0 0 0 3 0 0 0 0 6
2 0 3 0 0 6 0 0 0 6 0 0 0 0 6
2 1 2 1 1 6 1 1 -2 6 0 0 0 0 8
2 1 4 -1 0 4 0 1 -1 6 0 -1 1 2 6
3 -1 3 1 1 3 1 1 1 3 -1 -1 -1 -1 3
1 0 4 0 2 4 0 -2 -2 4 0 -2 -2 0 4
2 1 3 0 -1 2 0 1 0 2 0 -1 0 0 2
1 0 2 0 1 2 0 -1 0 2 0 -1 0 0 2
2 1 2 1 1 2 -1 -1 0 2 0 0 0 0 4
2 0 2 0 0 2 0 0 0 2 -1 1 1 1 4
2 1 2 1 1 2 1 1 0 2 0 0 0 0 8
2 1 2 1 1 2 0 0 0 4 -1 -1 0 2 6
2 -1 2 1 0 3 -1 0 -1 3 0 0 -1 -1 5
4 2 5 2 1 5 2 1 1 5 2 1 1 1 5
3 -1 3 1 1 7 1 1 3 7 -1 -1 -3 1 7
2 -1 2 0 0 4 -1 1 0 6 1 -1 0 2 6
2 1 3 -1 -1 3 0 -1 1 6 0 -1 1 -2 6
1 0 2 0 1 2 0 -1 -1 6 0 -1 0 3 6
1 0 8 0 4 8 0 -4 0 8 0 -4 0 0 8
7 -2 12 -2 -4 12 -1 -2 -2 23 1 2 2 9 23
3 1 7 1 -1 7 -1 1 1 7 1 -1 -1 1 7
2 1 3 1 1 7 1 0 2 7 -1 -1 1 -2 7
3 0 3 1 1 6 1 1 -2 6 1 -1 0 0 6
2 1 2 1 1 2 -1 -1 0 4 1 1 0 -2 4
3 -1 3 -1 1 3 -1 1 1 3 -1 -1 -1 -1 7
2 1 3 -1 -1 3 -1 -1 1 3 -1 -1 1 1 3
2 -1 3 0 1 2 0 1 0 2 0 -1 0 0 6
2 1 2 0 0 4 -1 -1 2 4 0 0 -2 -2 6
4 2 5 -2 -1 13 2 1 -5 13 2 1 -5 -3 13
2 0 2 0 -1 2 0 -1 1 6 0 -1 1 -2 6
3 1 11 -1 5 11 -1 5 3 11 1 -5 -3 -3 11
7 -1 7 -1 -1 7 -1 -1 -1 7 -2 -2 -2 -2 12
2 1 2 1 1 4 -1 -1 0 4 -1 -1 -2 2 6
4 2 4 0 0 3 2 2 -1 7 -2 -2 -1 -1 7
3 -1 3 1 -1 3 -1 1 -1 7 -1 -1 1 3 11
// dimension 6: 186 lattices
1 0 1 0 0 1 0 0 0 1 0 0 0 0 1 0 0 0 0 0 3
1 0 1 0 0 2 0 0 1 2 0 0 0 0 3 0 0 0 0 0 3
1 0 1 0 0 1 0 0 0 2 0 0 0 1 3 0 0 0 0 0 1
1 0 1 0 0 1 0 0 0 2 0 0 0 1 2 0 0 0 0 0 1
2 0 2 0 0 2 1 1 1 2 0 0 0 0 4 0 0 0 0 2 4
1 0 1 0 0 1 0 0 0 1 0 0 0 0 1 0 0 0 0 0 2
2 -1 2 0 -1 2 0 0 -1 2 0 0 0 -1 2 0 0 -1 0 0 2
2 1 2 0 0 2 0 0 1 2 0 0 0 0 2 0 0 0 0 1 2
2 1 2 1 1 2 1 0 0 2 1 1 0 1 2 1 0 1 0 0 4
2 1 2 1 1 2 1 1 1 2 1 0 1 1 2 1 0 0 0 0 4
2 0 2 1 1 4 1 1 1 4 0 0 0 0 2 0 0 0 0 1 2
2 -1 2 1 0 2 1 -1 1 2 0 0 0 0 2 -1 1 -1 -1 -1 4
4 1 4 1 1 4 1 1 1 4 2 2 2 -1 4 0 0 0 0 0 6
2 0 2 0 0 2 1 1 0 2 0 1 1 0 2 0 0 0 0 0 2
2 0 2 0 0 2 1 1 0 2 0 0 0 1 4 0 0 0 0 0 2
2 0 2 0 0 2 0 0 0 2 0 1 1 1 2 0 0 0 0 0 2
2 1 2 0 0 2 0 0 -1 2 0 0 -1 0 2 1 1 -1 0 0 4
2 0 2 1 -1 2 0 0 -1 2 0 0 0 -1 2 0 0 0 0 -1 2
2 1 2 0 0 2 1 0 1 2 0 0 0 0 2 0 0 0 0 1 2
4 -1 4 2 -2 4 -2 2 -1 4 2 -2 1 -1 4 -2 -1 -1 1 -1 10
2 -1 2 -1 1 2 1 0 0 2 1 0 0 1 2 -1 1 0 0 -1 4
2 1 2 0 0 6 0 0 3 6 0 0 0 0 6 0 0 3 0 3 6
2 -1 2 0 -1 2 0 0 -1 2 0 0 0 -1 2 0 0 0 0 -1 2
2 0 2 0 1 2 0 1 0 2 0 -1 0 -1 2 1 -1 -1 -1 1 4
1 0 1 0 0 1 0 0 0 1 0 0 0 0 2 0 0 0 0 0 2
2 0 2 0 0 2 1 1 1 2 0 0 0 0 2 0 0 0 0 1 2
2 0 4 0 2 4 1 -2 0 4 0 0 0 -1 2 0 0 0 1 0 2
1 0 2 0 0 2 0 0 0 2 0 1 1 1 3 0 0 0 0 0 1
2 0 2 0 0 2 -1 1 1 4 0 0 0 -1 2 0 0 0 -1 0 2
1 0 1 0 0 1 0 0 0 1 0 0 0 0 1 0 0 0 0 0 1
2 1 3 0 -1 2 0 -1 0 2 0 1 0 0 2 0 1 0 0 0 6
1 0 1 0 0 2 0 0 1 2 0 0 1 0 3 0 0 0 0 0 1
1 0 3 0 0 3 0 0 0 3 0 0 0 0 3 0 0 0 0 0 3
2 1 3 0 0 5 0 0 0 5 0 0 0 0 5 0 0 0 0 0 5
2 1 2 0 0 3 0 0 0 3 0 0 0 0 3 0 0 0 0 0 3
6 3 6 -3 -3 6 -3 -3 0 6 0 0 0 0 4 0 0 0 0 -2 4
2 -1 2 0 0 6 0 0 -3 6 0 0 -3 0 6 0 0 -3 0 0 6
1 0 2 0 0 2 0 0 0 2 0 0 0 0 2 0 0 0 0 0 2
1 0 1 0 0 1 0 0 0 2 0 0 0 -1 3 0 0 0 0 -1 2
1 0 1 0 0 2 0 0 1 2 0 0 -1 0 2 0 0 -1 -1 1 3
2 1 2 1 0 2 0 0 0 2 0 0 0 0 2 -1 -1 -1 1 -1 4
4 0 4 2 2 5 -2 -2 -3 5 -2 -2 -3 1 5 0 0 0 0 0 8
4 0 4 0 0 4 0 0 0 4 2 2 2 2 7 -2 -2 -2 -2 -5 7
7 -3 15 3 1 15 3 1 -1 15 -3 -1 1 1 15 -3 -1 1 1 -1 15
4 0 4 2 2 7 -2 -2 -3 7 2 2 3 -3 7 2 2 3 -3 3 7
4 0 4 2 2 5 -2 -2 -3 5 0 0 0 0 8 2 2 3 -1 -4 13
4 2 5 -2 -1 5 0 0 0 8 0 0 0 0 8 0 0 0 0 0 8
4 2 7 -2 -3 7 -2 -3 -1 7 0 0 0 0 8 0 0 0 0 0 8
2 0 5 0 2 4 0 -2 0 4 0 2 0 0 4 0 -2 0 0 0 4
2 0 2 0 1 2 0 1 1 2 0 1 1 1 2 0 -1 0 -1 -1 2
2 0 2 0 -1 2 -1 1 -1 4 1 1 -1 -1 4 0 -1 1 -1 -1 4
3 -1 3 1 1 3 1 1 1 3 1 1 1 1 3 1 1 1 1 1 3
1 0 4 0 2 4 0 2 2 4 0 2 2 2 4 0 -2 0 -2 -2 4
4 2 5 2 1 13 2 1 5 13 -2 -1 -5 3 13 2 1 5 5 3 13
2 0 2 0 1 2 0 1 1 2 0 -1 -1 -1 2 0 -1 0 0 0 4
7 -1 7 -1 -1 7 -1 -1 -1 7 2 2 2 2 12 2 2 2 2 4 12
2 1 2 1 1 2 1 1 1 2 -1 -1 0 0 4 -1 0 -1 -1 1 4
3 -1 3 -1 1 3 -1 1 1 3 -1 1 1 1 3 -1 -1 1 -1 1 7
5 0 8 1 0 13 1 0 -3 13 -1 0 3 3 13 -1 0 3 3 -3 13
4 2 5 2 1 7 -2 -1 -3 7 2 1 3 1 7 -2 -1 -1 1 -1 5
8 4 7 -4 -1 15 -4 -3 5 15 4 3 -5 1 15 -4 -3 5 -1 1 15
5 0 8 1 4 7 0 4 2 10 2 4 4 2 14 2 -4 0 -2 -6 14
2 -1 2 0 0 2 0 0 -1 2 1 -1 1 -1 4 1 0 1 0 2 4
2 1 2 1 1 2 -1 -1 -1 2 -1 -1 -1 1 4 -1 -1 -1 1 0 4
2 -1 2 1 -1 6 1 -1 2 6 -1 1 2 -2 6 1 -1 -2 -2 -2 6
2 1 4 1 1 4 1 1 0 4 -1 -1 0 0 4 -1 0 -1 -1 1 4
4 -1 4 1 2 4 1 -1 -2 4 0 0 3 -3 6 0 0 0 0 3 6
4 -2 10 2 -1 10 -1 -4 -5 16 2 -1 1 -5 10 -2 1 -1 5 -1 10
4 1 4 -1 -1 4 1 1 -1 4 1 1 -1 1 4 2 2 1 -1 2 10
4 1 4 -1 -1 10 -1 -1 -2 10 1 1 2 2 10 -1 -1 -2 -2 2 10
4 -2 4 1 -2 4 2 -1 -1 4 2 -1 -1 1 10 -1 -1 -1 1 4 10
6 3 6 3 3 10 3 3 -2 10 3 3 2 2 10 3 3 2 2 -2 10
4 -2 4 -1 2 10 2 -1 4 10 1 1 -4 -4 10 -2 1 -4 -1 4 10
2 -1 8 1 -2 8 -1 2 1 8 1 1 2 -2 8 1 1 2 -2 -1 8
2 1 2 -1 -1 2 -1 -1 0 4 -1 -1 1 2 6 1 1 -1 1 0 6
2 0 2 -1 -1 4 -1 0 2 8 -1 0 -1 2 8 1 0 1 -2 1 8
2 -1 2 1 -1 2 1 -1 0 2 -1 0 0 0 4 -1 0 -1 0 2 4
2 0 4 0 -2 4 1 -1 2 6 -1 1 1 0 6 -1 -2 1 0 0 6
2 0 2 0 0 2 1 1 0 4 0 -1 -1 -2 4 -1 -1 -1 -1 1 6
2 -1 2 -1 0 2 1 0 -1 2 1 0 -1 1 2 1 -1 -1 0 1 6
4 -1 4 2 1 4 -1 1 1 4 1 -1 -1 -1 4 -2 2 -1 -1 1 10
2 -1 2 0 0 4 0 0 -2 4 0 0 2 -1 4 0 0 1 -2 -1 4
2 -1 2 0 0 6 0 0 3 6 0 0 0 0 6 0 0 0 0 3 6
6 3 6 0 0 4 0 0 -1 4 0 0 2 1 4 0 0 2 -2 1 4
2 -1 2 0 0 2 0 0 -1 2 0 0 0 0 6 0 0 0 0 3 6
4 5 20 -2 3 12 2 8 -1 12 2 -3 -1 1 12 -1 -4 6 -6 5 14
4 -1 4 2 -2 4 1 -1 2 4 1 -1 2 1 4 1 -1 2 1 1 4
2 0 6 0 0 6 -1 -3 3 8 1 3 -3 -5 8 -1 -3 3 5 -2 8
4 1 4 -2 -2 4 1 1 -2 10 1 1 -2 -2 10 1 1 -2 -2 -2 10
4 0 6 0 -3 6 0 3 -3 6 -2 3 -3 0 10 2 -3 3 0 -4 10
2 -1 2 1 -1 2 -1 0 -1 6 0 0 0 2 4 0 0 0 2 0 4
2 0 2 -1 1 4 1 -1 -1 4 1 -1 0 1 4 1 -1 0 1 0 4
2 0 2 1 1 4 1 1 1 4 0 0 0 0 4 0 0 0 0 2 4
2 -1 8 -1 3 8 1 -3 -3 8 -1 -2 3 -3 8 -1 3 3 -3 3 8
3 -1 3 -1 1 3 1 1 1 3 -1 1 1 1 3 -1 -1 -1 -1 -1 7
4 -2 11 -4 7 19 0 -5 5 15 0 -5 5 5 15 0 5 -5 -5 -5 15
4 -2 6 0 0 10 -2 1 -5 11 -2 1 -5 6 11 2 -1 5 -6 -1 11
5 -1 5 -1 -1 5 1 1 1 5 1 1 1 -1 5 0 0 0 0 0 3
5 -1 5 -1 -1 5 1 1 1 5 1 1 1 -1 5 0 0 0 0 0 12
3 0 8 0 2 8 0 4 -2 8 0 -4 -4 -2 8 0 -4 -4 -2 2 8
1 0 4 0 -2 4 0 -2 2 4 0 2 0 0 4 0 2 0 0 2 4
3 -1 3 -1 1 3 -1 -1 1 3 -1 -1 1 1 3 0 0 0 0 0 4
4 1 4 1 1 4 2 2 2 10 2 2 2 -2 10 0 0 0 0 0 6
1 0 3 0 1 3 0 -1 -1 3 0 1 -1 -1 3 0 1 -1 -1 1 3
2 0 2 0 1 2 0 -1 -1 4 0 1 1 0 4 0 1 0 -1 1 4
4 -1 4 -2 2 4 -1 1 2 4 0 0 0 0 6 0 0 0 0 0 6
2 1 5 1 -1 5 1 -1 -1 5 0 0 0 0 3 0 0 0 0 0 3
1 0 1 0 0 2 0 0 1 2 0 0 -1 0 2 0 0 0 0 -2 4
1 0 2 0 1 3 0 0 1 2 0 0 -1 0 2 0 0 1 0 0 2
1 0 3 0 -1 3 0 1 -1 3 0 -1 -1 1 3 0 -1 1 -1 -1 3
1 0 4 0 0 4 0 0 2 4 0 0 -2 -2 4 0 0 -2 -2 0 4
2 1 2 1 1 2 -1 -1 0 2 0 0 0 0 4 0 0 0 0 0 4
2 -1 3 0 1 2 0 1 0 2 0 1 0 0 2 0 0 0 0 0 4
2 0 2 0 0 2 -1 1 1 4 0 0 0 -1 2 1 -1 -1 -2 1 4
3 -1 3 1 1 3 1 1 1 3 -1 -1 -1 -1 3 0 0 0 0 0 4
2 0 2 1 -1 3 -1 1 -1 3 -1 1 -1 1 3 1 -1 1 -1 -1 3
1 0 2 0 1 2 0 -1 0 2 0 -1 0 0 2 0 0 0 0 0 4
1 0 1 0 0 4 0 0 2 4 0 0 -2 -2 4 0 0 -2 -2 0 4
2 0 2 0 0 2 0 0 -1 2 0 0 1 -1 6 0 0 1 -1 -2 6
2 1 2 0 0 4 1 1 2 4 -1 -1 -2 -2 4 0 0 2 0 -2 6
2 0 2 -1 1 4 -1 1 2 4 1 -1 -1 -1 4 1 -1 -1 -1 2 4
2 1 2 1 1 2 0 0 0 4 -1 -1 0 -2 6 1 1 0 2 -2 6
2 -1 2 0 0 2 1 -1 0 4 1 0 0 1 4 1 -1 0 2 -1 6
3 -1 3 0 0 8 1 1 4 11 0 0 0 4 8 0 0 0 4 0 8
3 0 4 -1 0 7 1 0 1 7 1 0 1 -1 7 -1 0 -1 1 1 7
2 1 2 -1 -1 2 0 0 0 2 1 1 0 0 4 -1 -1 0 0 0 4
4 2 7 -2 -3 7 2 3 1 7 -2 -1 1 -1 7 2 1 -1 1 -3 7
3 -1 3 -1 1 3 1 -1 -1 3 0 0 0 0 4 -1 -1 1 -1 0 7
3 -1 3 -1 1 3 -1 -1 1 3 -1 1 1 1 7 1 -1 -1 -1 1 7
4 2 4 -2 -2 4 0 0 0 3 0 0 0 -1 3 2 2 0 1 1 7
3 -1 3 0 0 4 1 1 0 7 1 1 0 3 7 -1 -1 0 -3 1 7
2 -1 3 1 -1 3 0 0 0 4 0 -1 1 0 6 0 1 -1 0 2 6
2 0 4 -1 2 4 1 -2 -2 4 0 0 1 -1 6 0 0 -1 1 2 6
2 1 2 0 0 4 0 0 0 4 -1 -1 0 0 6 -1 -1 0 0 -2 6
2 -1 3 0 1 2 -1 1 1 7 1 -1 -1 -3 7 -1 1 1 -1 -3 7
3 -1 3 0 0 3 0 0 -1 3 1 1 1 1 6 -1 -1 -1 -1 -2 6
6 -1 6 1 1 6 -2 -2 2 10 -2 -2 2 3 10 -2 -2 2 3 3 10
6 -2 10 -2 -4 10 -3 1 1 12 3 -1 -1 2 12 3 -1 -1 2 -2 12
2 0 2 1 -1 3 1 -1 1 3 0 -2 2 0 4 0 0 2 0 0 4
2 0 2 0 -1 2 1 0 0 2 1 -1 0 0 4 1 -1 0 1 1 4
2 -1 4 1 0 4 1 0 0 4 1 0 0 0 4 0 1 -1 -1 -1 6
2 -1 2 -1 1 2 -1 0 0 2 1 -1 -1 0 4 -1 0 1 0 1 6
2 -1 2 1 -1 6 -1 1 2 6 -1 1 -2 2 6 -1 1 -2 2 2 6
3 -1 3 1 -1 3 1 1 -1 3 1 1 -1 1 3 1 1 1 1 1 3
2 1 2 1 1 4 1 1 0 4 1 0 1 1 4 1 1 0 0 1 4
3 -1 11 -1 -5 11 1 5 -3 11 -1 3 3 -3 11 -1 3 3 5 3 11
2 -1 2 1 -1 2 1 -1 1 2 -1 1 -1 -1 2 -1 0 -1 -1 1 4
7 -1 7 -1 -1 7 -1 -1 -1 7 -1 -1 -1 -1 7 -1 -1 -1 -1 -1 7
3 1 3 -1 -1 3 1 1 -1 3 1 1 -1 1 3 -1 -1 1 -1 -1 3
3 -1 3 -1 1 3 1 1 1 3 1 1 1 1 3 1 1 -1 1 1 7
7 -1 7 1 1 7 2 2 -2 12 2 2 -2 4 12 -2 -2 2 -4 -4 12
4 2 4 0 0 3 2 2 1 7 2 2 1 -1 7 2 2 -1 1 1 7
3 -1 3 1 -1 3 1 -1 1 7 1 -1 1 -1 7 -1 1 -1 1 1 7
3 0 3 1 1 6 -1 1 0 6 -1 1 0 -2 6 1 1 -2 0 0 6
2 1 2 1 1 2 -1 -1 0 4 1 1 0 -2 4 1 1 0 -2 0 4
3 1 7 1 -1 7 -1 1 1 7 -1 1 1 -1 7 -1 1 1 -1 -1 7
2 -1 3 1 -1 7 -1 1 1 7 -1 1 1 -1 7 1 -1 -1 1 1 7
3 -1 3 1 -1 3 1 -1 1 3 -1 -1 1 1 7 1 1 1 1 -3 7
2 1 3 -1 -1 3 1 1 -1 3 1 1 -1 1 3 0 -1 -1 -1 1 6
2 1 3 0 1 2 0 -1 0 2 0 1 0 0 6 0 1 0 0 -2 6
4 1 4 -1 1 4 -1 1 -1 4 0 0 0 0 10 0 0 0 0 5 10
12 3 12 -3 3 12 -3 3 -3 12 0 0 0 0 10 0 0 0 0 -5 10
6 -3 14 3 -4 14 3 1 4 14 3 -4 -1 4 14 -3 4 1 -4 1 14
2 -1 8 1 -3 8 -1 3 -3 8 -1 -2 -3 3 8 -1 3 2 -2 -2 8
6 -1 6 -1 -1 6 -2 -2 -2 10 -2 -2 5 3 10 3 -4 3 -1 6 12
14 -5 10 2 -4 20 2 -4 -3 20 4 -8 17 -6 34 -1 2 -10 13 -20 28
1 0 1 0 0 2 0 0 0 2 0 0 0 0 2 0 0 0 0 0 2
1 0 2 0 0 2 0 0 0 2 0 0 0 0 2 0 0 0 0 0 4
1 0 2 0 0 2 0 0 0 3 0 0 0 -1 3 0 0 0 1 1 3
2 0 2 0 0 2 0 0 1 2 0 0 1 1 2 0 0 0 0 0 4
1 0 1 0 0 1 0 0 0 2 0 0 0 1 2 0 0 0 -1 0 2
2 1 2 1 1 2 0 0 0 4 0 0 0 0 4 0 0 0 0 0 4
3 -1 3 -1 -1 3 0 0 0 4 0 0 0 0 4 0 0 0 0 0 4
2 1 2 -1 0 2 0 0 0 2 0 0 0 1 2 0 0 0 1 0 2
1 0 1 0 0 2 0 0 1 3 0 0 0 1 2 0 0 1 1 1 3
2 1 3 0 1 2 -1 -1 -1 3 0 0 0 0 4 0 0 0 0 0 4
1 0 2 0 1 2 0 -1 0 2 0 1 1 -1 3 0 1 1 -1 1 3
1 0 1 0 0 1 0 0 0 3 0 0 0 1 3 0 0 0 -1 1 3
2 0 2 -1 1 4 1 -1 -2 4 1 -1 -2 0 4 0 0 0 0 0 4
2 1 2 1 1 2 1 1 1 2 -1 0 -1 -1 2 0 0 0 0 0 4
3 -1 3 -1 -1 3 0 0 0 3 0 0 0 -1 3 0 0 0 -1 -1 3
1 0 4 0 0 4 0 2 2 5 0 -2 -2 -3 5 0 -2 -2 -3 1 5
3 -1 3 0 0 4 0 0 0 4 1 1 0 0 7 -1 -1 0 0 -3 7
3 -1 3 -1 -1 3 0 0 0 8 0 0 0 4 8 0 0 0 -4 0 8
4 0 4 0 0 4 2 2 2 7 2 2 2 3 7 2 2 2 3 3 7
5 -1 3 -3 2 6 0 0 0 7 0 0 0 0 7 0 0 0 0 0 7
// dimension 7: 86 lattices
1 0 1 0 0 1 0 0 0 2 0 0 0 1 2 0 0 0 0 0 2 0 0 0 0 0 1 1
1 0 1 0 0 1 0 0 0 1 0 0 0 0 1 0 0 0 0 0 1 0 0 0 0 0 0 1
2 0 2 0 0 2 0 0 0 2 0 1 1 1 2 0 0 0 0 0 4 0 0 0 0 0 2 2
2 -1 2 0 -1 2 0 0 -1 2 0 0 0 -1 2 0 0 -1 0 0 2 0 0 0 0 0 0 2
2 1 2 1 0 2 1 1 0 2 -1 -1 -1 -1 2 -1 -1 0 -1 1 2 1 0 0 1 0 0 4
1 0 1 0 0 1 0 0 0 1 0 0 0 0 1 0 0 0 0 0 1 0 0 0 0 0 0 2
2 -1 2 0 -1 2 0 0 -1 2 0 0 0 -1 2 0 0 0 0 -1 2 0 0 0 -1 0 0 2
4 5 10 6 12 18 4 8 12 10 2 4 6 5 4 3 6 9 6 3 6 0 0 0 0 0 0 6
2 -1 8 1 -3 8 -1 3 -3 8 -1 3 2 3 8 1 2 3 -3 2 8 1 -3 -2 2 -3 -2 8
2 0 2 1 -1 2 0 0 -1 2 0 0 0 -1 2 0 0 0 0 -1 2 0 0 0 0 0 0 2
2 1 2 0 0 3 0 0 0 3 0 0 0 0 3 0 0 0 0 0 3 0 0 0 0 0 3 6
4 0 4 2 2 5 -2 -2 -3 5 -2 -2 -3 1 5 0 0 0 0 0 8 0 0 0 0 0 4 8
2 1 2 1 1 2 0 0 0 2 0 0 0 1 2 -1 -1 -1 0 0 2 -1 0 -1 0 0 1 2
2 -1 2 0 0 6 0 0 3 6 0 0 3 3 6 0 0 -3 -3 -3 6 0 0 -3 0 -3 3 6
12 0 12 6 6 15 -6 -6 -9 15 -6 -6 -9 3 15 0 0 0 0 0 8 0 0 0 0 0 -4 8
3 -1 3 -1 -1 3 0 0 0 4 0 0 0 0 4 0 0 0 0 0 4 0 0 0 0 0 0 4
1 0 1 0 0 1 0 0 0 1 0 0 0 0 2 0 0 0 0 1 2 0 0 0 0 -1 0 2
2 1 2 1 1 2 1 1 1 2 -1 0 -1 -1 2 1 1 1 1 -1 2 1 1 1 1 -1 1 2
4 0 4 0 0 4 0 0 0 4 2 2 2 2 7 -2 -2 -2 -2 -5 7 -2 -2 -2 -2 -5 3 7
7 3 15 -3 1 15 3 -1 1 15 3 -1 1 -1 15 -3 1 -1 1 1 15 -3 1 -1 1 1 -1 15
2 1 2 1 1 2 -1 -1 -1 2 1 1 1 -1 2 1 1 1 -1 1 2 1 0 1 0 1 0 4
1 0 1 0 1 2 0 0 0 2 0 0 0 1 2 0 0 0 -1 0 2 0 0 0 0 0 -2 4
1 0 1 0 0 2 0 0 1 3 0 0 0 1 2 0 0 0 -1 0 2 0 0 0 -1 0 0 2
3 1 3 1 1 3 1 -1 -1 3 -1 -1 -1 1 3 0 0 0 0 0 4 0 0 0 0 0 0 4
4 0 4 0 2 4 0 -2 -2 4 0 -2 -2 0 4 2 0 0 0 0 3 -2 0 0 0 0 -1 3
2 1 2 -1 -1 2 -1 0 1 2 0 0 0 0 2 0 0 0 0 1 2 0 0 0 0 1 0 2
2 0 2 0 0 2 1 1 -1 4 0 0 0 -1 2 1 1 -1 2 -1 4 1 -1 1 0 -1 0 4
2 1 2 1 1 2 -1 -1 0 2 0 0 0 0 4 0 0 0 0 2 4 0 0 0 0 2 0 4
2 1 2 0 0 2 0 0 -1 2 1 0 0 0 2 -1 0 -1 1 0 4 1 1 1 0 1 0 4
7 1 7 -2 2 12 -3 3 2 15 -3 3 2 7 15 -3 3 2 7 -1 15 2 -2 4 -2 -2 -2 12
2 0 2 0 1 2 0 -1 -1 2 0 0 0 0 2 0 -1 -1 0 0 4 0 1 1 0 0 0 4
3 -1 3 0 0 4 0 0 0 4 1 1 0 0 7 -1 -1 0 0 -3 7 1 1 0 0 -1 -3 7
4 0 4 0 0 4 2 2 2 7 2 2 2 3 7 -2 -2 -2 -3 -3 7 -2 -2 -2 -3 -3 3 7
3 -1 3 -1 -1 3 0 0 0 8 0 0 0 4 8 0 0 0 -4 0 8 0 0 0 -4 0 0 8
1 0 4 0 -2 4 0 -2 2 4 0 -2 2 2 4 0 -2 2 0 2 4 0 -2 2 0 0 2 4
2 -1 2 -1 1 2 -1 1 1 2 -1 1 1 1 2 -1 1 0 1 0 4 0 0 0 0 0 -1 2
4 1 4 2 2 4 2 2 1 4 -2 1 -1 -1 4 2 2 1 1 -1 10 0 0 0 0 0 -3 6
3 0 8 0 2 8 0 4 -2 8 0 -4 -4 -2 8 0 4 -2 2 -2 8 0 4 -2 2 -2 2 8
4 2 5 -2 -1 13 -2 -1 5 13 -2 -1 5 5 13 -2 -1 -3 5 5 13 2 1 -5 3 -5 3 13
12 6 15 -6 -3 23 -6 -3 7 23 -6 -3 7 -1 23 6 3 1 -7 -7 23 6 3 1 -7 -7 -1 23
3 1 3 1 1 3 -1 1 1 3 -1 1 -1 1 3 -1 1 1 1 1 3 -1 1 -1 1 1 1 7
4 -2 11 0 -5 15 2 -1 -5 11 -2 1 -5 -1 11 2 -1 -5 1 -1 11 -2 1 5 -1 1 -1 11
1 0 2 0 0 2 0 0 0 2 0 0 0 0 2 0 0 0 0 0 2 0 0 0 0 0 0 2
1 0 1 0 0 1 0 0 0 2 0 0 0 1 2 0 0 0 -1 0 2 0 0 0 -1 -1 1 3
4 2 7 -2 -3 7 -2 -3 -1 7 0 0 0 0 8 0 0 0 0 0 8 0 0 0 0 0 0 8
3 1 3 1 -1 3 2 0 0 4 2 2 0 0 4 0 0 0 0 -2 4 0 0 0 0 0 2 4
2 -1 2 -1 1 2 -1 1 1 2 -1 1 0 1 2 -1 1 0 0 1 2 -1 1 0 1 1 1 4
2 -1 2 1 0 2 -1 0 -1 2 1 0 1 -1 4 1 -1 0 0 1 4 -1 0 -1 1 0 -1 4
2 -1 2 -1 1 6 -1 1 -2 6 -1 1 2 2 6 1 -1 -2 2 2 6 1 -1 2 -2 2 2 6
2 -1 2 0 0 2 0 0 -1 2 -1 1 1 0 4 1 -1 -1 1 -1 4 1 -1 1 0 0 -1 4
2 -1 2 1 -1 2 -1 1 -1 2 -1 1 -1 1 2 1 -1 1 -1 -1 2 1 -1 1 -1 -1 1 2
2 -1 4 -1 0 4 -1 0 0 4 -1 0 0 0 4 1 0 0 0 0 4 1 -1 -1 -1 -1 1 4
4 0 18 1 -9 16 2 0 -4 10 -2 0 -5 -1 10 2 0 -4 1 -1 10 2 0 5 1 -1 1 10
2 -1 2 -1 1 2 -1 1 0 2 -1 1 1 0 2 0 0 0 0 0 2 -1 0 0 0 1 -1 4
3 1 3 -1 -1 3 1 -1 -1 3 -1 -1 1 -1 3 -1 -1 1 -1 1 3 1 -1 1 1 -1 1 7
8 -4 11 -2 1 23 4 -2 -10 20 -4 2 -8 -2 20 4 -2 -10 2 -2 20 4 -2 8 2 -2 2 20
3 -1 11 -1 3 11 1 5 5 11 -1 -5 -5 -3 11 -1 -5 3 -3 3 11 -1 -5 3 -3 3 3 11
7 -1 7 -1 -1 7 -1 -1 -1 7 1 1 1 1 7 -1 -1 -1 -1 1 7 1 1 1 1 -1 1 7
2 1 2 -1 -1 4 1 1 0 4 -1 0 1 -1 4 1 1 0 0 -1 4 1 1 0 0 -1 0 4
2 1 2 1 1 2 -1 0 0 2 -1 -1 -1 0 2 1 1 0 -1 0 4 -1 0 -1 0 1 -1 4
3 1 3 1 1 3 1 1 1 3 1 1 1 1 3 -1 -1 -1 -1 -1 3 -1 1 1 -1 1 1 7
3 1 3 1 1 3 -1 1 -1 3 1 -1 -1 -1 3 -1 1 1 1 -1 7 1 -1 1 -1 1 -3 7
4 2 4 0 0 3 -2 -2 -1 7 2 2 1 1 7 -2 0 -1 1 -1 7 2 2 -1 -1 1 -3 7
3 -1 3 -1 1 3 -1 1 1 7 -1 1 1 -1 7 -1 1 1 -1 -1 7 -1 1 1 -1 -1 -1 7
1 0 2 0 0 2 0 1 -1 3 0 1 -1 1 3 0 0 -2 2 0 4 0 0 0 2 0 0 4
2 0 2 0 0 2 1 1 -1 4 0 0 0 -1 2 0 0 0 -1 0 2 0 0 0 -1 0 0 2
3 -1 3 1 -1 3 1 1 -1 3 1 -1 1 -1 3 1 -1 1 -1 1 3 1 -1 1 -1 1 1 3
3 -1 3 -1 1 3 1 1 1 3 1 1 -1 1 3 1 1 1 1 1 3 0 0 0 0 0 0 4
1 0 3 0 -1 3 0 1 1 3 0 1 1 1 3 0 1 -1 1 -1 3 0 1 -1 -1 1 -1 3
1 0 4 0 2 4 0 2 2 4 0 2 2 0 4 0 2 2 0 2 4 0 2 2 0 2 2 4
2 -1 3 0 1 2 0 -1 0 2 0 1 0 0 2 0 1 0 0 0 2 0 0 0 0 0 0 4
2 1 2 0 0 2 -1 -1 0 4 1 1 0 0 4 1 1 0 0 0 4 -1 0 0 1 -1 -1 4
2 1 2 1 1 2 -1 -1 -1 2 1 1 1 -1 2 0 0 0 0 0 2 -1 -1 0 0 0 0 4
7 -1 7 -2 -2 12 -2 -2 4 12 2 2 4 -4 12 1 1 2 2 -2 7 -2 -2 4 4 -4 2 12
2 0 2 1 -1 4 -1 -1 0 4 1 1 0 -2 4 1 -1 2 0 0 4 -1 1 -2 0 0 0 4
2 1 2 1 1 2 0 0 0 4 0 0 0 0 4 1 1 0 2 -2 6 1 1 0 2 -2 4 6
2 1 2 1 1 2 0 0 0 2 1 1 0 1 4 0 0 0 0 -1 2 0 0 0 -1 -1 1 2
2 1 2 -1 -1 2 1 1 0 2 -1 0 0 -1 2 -1 -1 1 0 0 4 -1 0 0 -1 1 1 4
2 0 2 0 0 2 -1 1 1 4 -1 1 1 2 4 -1 -1 1 0 0 4 -1 1 -1 0 0 0 4
3 0 4 -1 0 7 1 0 1 7 -1 0 -1 1 7 1 0 1 -1 1 7 1 0 1 -1 1 -1 7
2 1 2 -1 -1 2 0 0 0 2 -1 -1 0 0 4 1 1 0 0 0 4 -1 0 1 0 1 -1 4
4 2 7 -2 -3 7 2 1 -1 7 -2 -1 1 -3 7 -2 -1 1 -3 -1 7 -2 -3 -1 -1 1 1 7
3 -1 3 0 0 8 -1 -1 -4 11 0 0 0 4 8 -1 -1 -4 7 4 11 0 0 0 -4 0 -4 8
4 2 4 -2 -2 4 0 0 0 3 0 0 0 -1 3 -2 -2 0 1 1 7 2 2 0 1 1 -1 7
3 -1 3 -1 1 3 1 -1 -1 3 0 0 0 0 4 -1 -1 1 -1 0 7 1 1 -1 1 0 1 7
3 -1 3 -1 1 3 -1 -1 1 3 1 -1 -1 -1 7 -1 1 1 1 1 7 -1 1 1 1 1 -1 7
// dimension 8: 36 lattices
2 0 2 1 -1 2 0 0 -1 2 0 0 0 -1 2 0 0 0 0 -1 2 0 0 0 0 0 0 4 0 0 0 0 0 0 2 2
2 -1 2 -1 1 2 -1 1 1 2 1 -1 0 0 2 1 -1 0 -1 1 2 1 0 -1 -1 0 0 2 -1 1 0 0 -1 -1 0 4
2 0 2 0 0 2 0 0 0 2 0 1 1 1 2 0 0 0 0 0 2 0 0 0 0 0 0 2 0 0 0 0 0 0 0 2
1 0 1 0 0 1 0 0 0 1 0 0 0 0 1 0 0 0 0 0 1 0 0 0 0 0 0 1 0 0 0 0 0 0 0 1
2 1 2 1 1 2 1 0 0 2 1 1 0 0 2 1 1 0 0 1 2 1 0 1 0 0 0 2 1 1 0 1 1 1 0 2
2 -1 2 0 -1 2 0 0 -1 2 0 0 0 -1 2 0 0 -1 0 0 2 0 0 0 0 0 0 2 0 0 0 0 0 0 1 2
2 1 2 -1 -1 2 1 1 0 2 1 1 0 1 2 1 1 0 1 1 2 1 1 0 1 1 1 2 1 1 0 1 1 1 1 2
2 0 2 0 0 2 1 1 1 2 0 0 0 0 2 0 0 0 0 0 2 0 0 0 0 0 0 2 0 0 0 0 1 1 1 2
2 -1 2 0 -1 2 0 0 -1 2 0 0 0 -1 2 0 0 0 0 -1 2 0 0 0 -1 0 0 2 0 0 0 0 0 0 0 2
1 0 1 0 0 2 0 0 1 3 0 0 0 1 2 0 0 0 1 0 2 0 0 0 1 0 0 2 0 0 0 1 0 0 0 2
2 0 2 0 1 2 0 -1 -1 2 0 0 0 0 2 0 1 1 0 0 4 0 -1 0 1 0 -1 4 0 -1 -1 0 0 0 1 4
2 -1 8 -1 3 8 1 -3 -3 8 -1 3 -2 -3 8 -1 3 -2 -3 3 8 1 -3 2 -2 -3 -3 8 -1 3 -2 2 3 3 -3 8
1 0 1 0 0 1 0 0 0 1 0 0 0 0 2 0 0 0 0 -1 2 0 0 0 0 1 0 2 0 0 0 0 -1 0 0 2
2 1 2 1 1 2 -1 0 0 2 1 0 0 -1 2 1 1 1 0 0 2 1 1 1 0 0 1 2 1 1 0 -1 0 1 0 4
2 -1 2 1 -1 6 -1 1 -2 6 1 0 3 -3 6 1 0 3 -3 2 6 1 0 3 -3 2 2 6 1 0 3 -3 2 2 2 6
2 1 2 0 0 2 0 0 1 2 -1 0 1 1 4 1 0 1 1 0 4 1 0 1 1 0 0 4 -1 0 -1 0 -1 -1 -1 4
2 -1 2 -1 1 2 -1 1 1 2 -1 1 1 1 4 -1 0 0 0 1 4 -1 1 1 1 0 1 4 1 -1 -1 -1 0 -1 0 4
2 1 4 -1 0 4 -1 0 0 4 -1 0 0 0 4 -1 0 0 0 0 4 -1 0 0 0 0 0 4 -1 0 0 0 0 0 0 4
2 1 2 -1 0 2 -1 0 1 2 1 1 -1 -1 2 1 1 -1 -1 1 2 1 0 0 -1 0 0 4 1 0 0 -1 0 0 0 4
2 0 2 0 1 2 0 1 1 2 0 1 1 1 2 0 -1 -1 0 -1 2 1 -1 0 0 0 0 2 -1 1 1 0 1 -1 -1 4
4 -2 10 2 -1 10 -1 5 4 16 -2 1 -1 -4 10 -2 1 -1 -4 1 10 2 -1 1 -5 -1 -1 10 -2 1 -1 5 1 1 -1 10
4 -1 4 -2 -1 4 -2 2 1 4 -2 2 1 1 4 -2 2 1 1 1 4 0 0 0 0 0 0 6 0 0 0 0 0 0 3 6
6 -3 6 -3 3 6 -3 3 3 6 -3 3 0 3 6 -3 3 0 0 3 6 0 0 0 0 0 0 2 0 0 0 0 0 0 -1 2
2 -1 2 0 0 4 0 0 2 4 0 0 -2 -1 4 0 0 -1 -2 2 4 0 0 1 2 1 -1 4 0 0 1 2 1 -1 1 4
2 0 2 0 0 2 1 -1 1 4 0 0 0 1 2 0 0 0 -1 0 2 0 0 0 -1 0 0 2 0 0 0 1 0 0 0 2
2 0 2 -1 1 4 -1 1 2 4 -1 1 2 0 4 1 1 0 0 0 4 1 1 0 0 0 2 4 -1 -1 0 0 0 -2 0 4
2 0 2 0 1 2 0 -1 0 2 1 0 0 0 2 1 0 0 0 0 2 1 -1 0 0 1 1 4 1 -1 0 0 1 1 2 4
2 1 2 -1 -1 2 1 1 -1 2 -1 -1 0 0 2 1 1 -1 1 0 4 -1 -1 1 -1 0 0 4 -1 -1 1 -1 0 0 0 4
2 1 2 -1 -1 2 0 0 0 4 0 0 0 0 4 -1 -1 0 2 2 6 1 1 0 -2 -2 -4 6 -1 -1 0 2 2 4 -2 6
2 0 4 1 2 4 0 0 1 2 0 0 -1 0 2 0 0 1 0 0 2 0 2 2 0 0 0 4 0 -2 -2 0 0 0 -2 4
4 2 4 -2 0 4 -2 0 0 4 0 0 0 0 2 0 0 0 0 1 2 0 0 0 0 -1 -1 2 0 0 0 0 -1 -1 0 2
1 0 3 0 -1 3 0 1 1 3 0 1 1 1 3 0 1 -1 1 1 3 0 1 -1 1 -1 1 3 0 1 -1 1 -1 1 1 3
1 0 4 0 -2 4 0 -2 2 4 0 -2 2 2 4 0 -2 0 2 2 4 0 -2 0 2 0 2 4 0 2 0 -2 -2 -2 -2 4
3 -1 3 1 -1 3 -1 -1 -1 3 1 1 -1 -1 3 -1 -1 -1 1 -1 3 -1 -1 1 1 -1 1 3 0 0 0 0 0 0 0 4
2 0 2 0 1 2 0 -1 -1 4 0 -1 -1 0 4 0 -1 0 1 1 4 0 1 1 0 0 -1 4 0 1 1 0 0 -1 0 4
2 1 2 -1 -1 2 -1 -1 1 2 -1 0 0 0 2 1 0 -1 -1 0 4 1 0 -1 0 -1 2 4 0 0 0 0 0 0 0 2
// dimension 9: 4 lattices
2 1 2 1 1 2 1 0 0 2 1 1 0 0 2 1 1 0 0 1 2 1 0 1 0 0 0 2 1 1 0 1 1 1 0 2 0 0 0 0 0 0 0 0 2
2 -1 2 1 -1 2 1 -1 1 2 -1 0 -1 0 2 1 0 1 0 -1 2 -1 0 -1 -1 1 -1 2 0 0 0 0 0 0 0 2 1 0 1 1 -1 1 -1 -1 4
4 2 4 2 2 4 2 0 0 4 2 2 0 0 4 2 2 0 0 2 4 2 0 2 0 0 0 4 2 2 0 2 2 2 0 4 0 0 0 0 0 0 0 0 1
5 -2 4 1 -2 13 -1 2 -5 13 1 -2 5 -5 13 1 -2 -3 -5 5 13 1 -2 -3 -5 -3 5 13 1 -2 -3 -5 5 5 5 13 -1 2 3 5 -5 -5 -5 -5 13
// dimension 10: 2 lattices
2 1 2 1 1 2 1 0 0 2 1 1 0 0 2 1 1 0 0 1 2 1 0 1 0 0 0 2 1 1 0 1 1 1 0 2 0 0 0 0 0 0 0 0 2 0 0 0 0 0 0 0 0 1 2
6 3 6 3 3 6 3 0 0 6 3 3 0 0 6 3 3 0 0 3 6 3 0 3 0 0 0 6 3 3 0 3 3 3 0 6 0 0 0 0 0 0 0 0 2 0 0 0 0 0 0 0 0 -1 2
